,ItemName,ManufactureName,UnitQty,Quantity,QtyInPackage,ItemPrice,UnitOfMeasurePrice
0,רצועות בקר מעובד לטחינה,בלדי בעמ,"ק""ג",,1,34.90,34.90
1,ראש קוקוס,בכורי שדה דרום 2002 בעמ,יח`,,1,4.90,4.90
2,סנדוויץ` עובד,קבוצת אסם סחר שות. מוגבלת,יח`,,1,3.50,3.50
3,אשכולית,מהדרין תנופורט יצוא ( ש.מ.),"ק""ג",,1,5.90,5.90
4,אשכולית אדומה,תעשיות תוצרת חקלאית אביטן בני,"ק""ג",,1,5.90,5.90
5,אבוקדו,צמח שיווק תוצרת חקלאית אגשח בע,"ק""ג",,1,15.90,15.90
6,אבטיח,יבולי החמישה ו.ב,"ק""ג",,1,5.90,5.90
7,אלפלפא,א.אדמה (2007) בעמ,יח`,,1,6,6
8,ארטישוק,ג`אן ציון,"ק""ג",,1,6.90,6.90
9,בטטה,החקלאי תלמי אל-בועז חדד,"ק""ג",,1,8.90,8.90
10,בננות,גליל שוק מקומי אגשח בעמ,"ק""ג",,1,8.90,8.90
11,בצל יבש,אום אל נור לגידולים חקלאיים בע,"ק""ג",,1,3.90,3.90
12,בצל ירוק,א.אדמה (2007) בעמ,יח`,,1,6,6
13,אננס,ח.ע בסד שיווק פירות בעמ,יח`,,1,39.90,39.90
14,גזר ארוז,גזר שליט (חוות מיכאל)בעמ,"ק""ג",,1,4.90,4.90
15,דלעת,שוסטר תעשיות מזון בעמ,"ק""ג",,1,12.90,12.90
16,דלורית,שוסטר תעשיות מזון בעמ,"ק""ג",,1,9.90,9.90
17,תפוח זהוב,בראשית - אגודה שיתופית חקלאית,"ק""ג",,1,9.90,9.90
18,חזרת,משק איזנבנד שניר,"ק""ג",,1,39.90,39.90
19,חסה עגולה,הירוקים של רצון בעמ,יח`,,1,5.90,5.90
20,חסה רגילה,הירוקים של רצון בעמ,יח`,,1,4.90,4.90
21,חצילים,שיווק רפול אוליאל,"ק""ג",,1,6.90,6.90
22,ירק,א.אדמה (2007) בעמ,יח`,,1,3.90,3.90
23,תפוח יונתן,בראשית - אגודה שיתופית חקלאית,"ק""ג",,1,14.90,14.90
24,כרוב לבן,תעשיות תוצרת חקלאית אביטן בני,"ק""ג",,1,3.90,3.90
25,כרובית,ד.ע. ימין גידול ושיווק ירקות ב,יח`,,1,9.90,9.90
26,כרוב סיני,בכורי שדה דרום 2002 בעמ,יח`,,1,5,5
27,לימון,יהודה כרמלה,"ק""ג",,1,9.90,9.90
28,מלפפון,ד. חי שווק תוצרת חקלאית בעמ,"ק""ג",,1,5.90,5.90
29,מלון,יבולי תנובת הדרום בעמ,"ק""ג",,1,4.90,4.90
30,עלי נענע,א.אדמה (2007) בעמ,יח`,,1,3.90,3.90
31,עלי סלרי,א.אדמה (2007) בעמ,יח`,,1,4.90,4.90
32,שורש פטרוזיליה,א.אדמה (2007) בעמ,יח`,,1,4.90,4.90
33,תפוח סמיט,בראשית - אגודה שיתופית חקלאית,"ק""ג",,1,9.90,9.90
34,תפוח סטארקינג חרמון,בראשית - אגודה שיתופית חקלאית,"ק""ג",,1,9.90,9.90
35,סלק,תעשיות תוצרת חקלאית אביטן בני,"ק""ג",,1,5.90,5.90
36,עגבניה,שיווק העשור ירקות הזהב בעמ,"ק""ג",,1,4.90,4.90
37,פטריות שמפיניון יחידה,חוות השמפיניון בעמ,יח`,,1,9.90,9.90
38,פומלה,מהדרין תנופורט יצוא ( ש.מ.),"ק""ג",,1,7.90,7.90
39,פלפל ירוק,ד. חי שווק תוצרת חקלאית בעמ,"ק""ג",,1,9.90,9.90
40,פלפל חריף,ד. חי שווק תוצרת חקלאית בעמ,"ק""ג",,1,12.90,12.90
41,צנונית,יראון - עבודות חקלאיות בעמ,יח`,,1,5.90,5.90
42,צנון,עמית בראון שיווק עמ,"ק""ג",,1,5.90,5.90
43,קולורבי,תעשיות תוצרת חקלאית אביטן בני,"ק""ג",,1,6.90,6.90
44,קלמנטינה,תעשיות תוצרת חקלאית אביטן בני,"ק""ג",,1,6.90,6.90
45,קישואים,ד. חי שווק תוצרת חקלאית בעמ,"ק""ג",,1,6.90,6.90
46,קיווי,בראשית - אגודה שיתופית חקלאית,"ק""ג",,1,12.90,12.90
47,לפת,מלוא הסל שיווק ירקות בעמ,"ק""ג",,1,6.90,6.90
48,לוף ארוז,א.אדמה (2007) בעמ,יח`,,1,9.90,9.90
49,שום יבש,חברת יוסף אופנהימר 1986 בעמ,יח`,,1,10,10
50,שומר,תעשיות תוצרת חקלאית אביטן בני,"ק""ג",,1,6.90,6.90
51,שורש,מובילי ההר,יח`,,1,6.90,6.90
52,שרי תפזורת,שיווק העשור ירקות הזהב בעמ,"ק""ג",,1,12.90,12.90
53,תותים,גידול ושיווק אדום ירוק בעמ,יח`,,1,10,10
54,תפוא לבן,עוגן שיווק *בימי שני תפוא ב -,"ק""ג",,1,3.90,3.90
55,תפוזים,תעשיות תוצרת חקלאית אביטן בני,"ק""ג",,1,5.90,5.90
56,תירס ארוז,בננות החוף אגשח בעמ,"ק""ג",,1,9.90,9.90
57,פלפל אדום,י.ל החקלאים שיווק והפצה בעמ,"ק""ג",,1,9.90,9.90
58,אגס,בראשית - אגודה שיתופית חקלאית,"ק""ג",,1,12.90,12.90
59,כרוב אדום,תעשיות תוצרת חקלאית אביטן בני,"ק""ג",,1,4.90,4.90
60,פלפל חריף אדום,דובדבן שיווק בעמ,"ק""ג",,1,11.90,11.90
61,פלפל בהיר,ד. חי שווק תוצרת חקלאית בעמ,"ק""ג",,1,9.90,9.90
62,פלפל צהוב,ד. חי שווק תוצרת חקלאית בעמ,"ק""ג",,1,9.90,9.90
63,אפרסמון,מור פירות השרון בעמ,"ק""ג",,1,9.90,9.90
64,מלפפון בייבי,א.אדמה (2007) בעמ,יח`,,1,8.90,8.90
65,בצל אדום,אום אל נור לגידולים חקלאיים בע,"ק""ג",,1,5.90,5.90
66,שרי ארוז,צימן עגבניות,יח`,,1,9.90,9.90
67,נקטרינה,מיטב פרי הרמה (1995) בעמ,"ק""ג",,1,19.90,19.90
68,ענבי טלי שחורים,לכיש מושב עובדים להתישבות חקלא,"ק""ג",,1,29.90,29.90
69,תפוח פינק ליידי,בראשית - אגודה שיתופית חקלאית,"ק""ג",,1,14.90,14.90
70,מג`הול תמר בקופסא,דין שיווק וקליה בעמ,יח`,,1,19.90,19.90
71,שסק,אלדד קליימן שיווק בעמ,"ק""ג",,1,14.90,14.90
72,אפרסק,מיטב פרי הרמה (1995) בעמ,"ק""ג",,1,14.90,14.90
73,פלפל שושקה,ד. חי שווק תוצרת חקלאית בעמ,"ק""ג",,1,9.90,9.90
74,תפוח ענה,לכיש מושב עובדים להתישבות חקלא,"ק""ג",,1,3.90,3.90
75,סברס,מהדרין תנופורט יצוא ( ש.מ.),"ק""ג",,1,29.90,29.90
76,דובדבנים ארוז,בראשית - אגודה שיתופית חקלאית,יח`,,1,29.90,29.90
77,משמש,גליל שוק מקומי אגשח בעמ,"ק""ג",,1,39.90,39.90
78,סלק עלים מנגולד,א.אדמה (2007) בעמ,יח`,,1,4.90,4.90
79,בטטה ירושלמית כסביה,הררי מאיר ובניו הובלות בקרור ב,"ק""ג",,1,12.90,12.90
80,פלפל כתום,י.ל החקלאים שיווק והפצה בעמ,"ק""ג",,1,9.90,9.90
81,תפוא אדום,עוגן שיווק *בימי שני תפוא ב -,"ק""ג",,1,4.90,4.90
82,ברוקולי ארוז,בננות החוף אגשח בעמ,יח`,,1,9.90,9.90
83,תפוח נאשי,בראשית - אגודה שיתופית חקלאית,"ק""ג",,1,14.90,14.90
84,קורנית/טימין,מרינה פטריות הגליל בעמ,יח`,,1,4,4
85,עירית ארוזה,א.אדמה (2007) בעמ,יח`,,1,4.90,4.90
86,מרווה,מרינה פטריות הגליל בעמ,יח`,,1,3.90,3.90
87,קישוא זוקיני,עמית בראון שיווק עמ,"ק""ג",,1,7.90,7.90
88,תפוזים ברשת,מהדרין תנופורט יצוא ( ש.מ.),"ק""ג",,1,4.90,4.90
89,קלמנטינה ברשת,מהדרין תנופורט יצוא ( ש.מ.),"ק""ג",,1,3.90,3.90
90,פטריות חומות תפזורת גדולות למילוי,חוות השמפיניון בעמ,"ק""ג",,1,39.90,39.90
91,חציל בלדי,י.ל החקלאים שיווק והפצה בעמ,"ק""ג",,1,7.90,7.90
92,ענבי טלי ירוקים,לכיש מושב עובדים להתישבות חקלא,"ק""ג",,1,29.90,29.90
93,גינג`ר יחידה טרי,מרינה פטריות הגליל בעמ,יח`,,1,9.90,9.90
94,עגבניות חתוכות דק 400 גר` בודד,רסטרטו יבוא ושיווק בעמ,יח`,,1,5.90,1.48
95,צ`אך עגל טרי מוכשר,אדום אדום - תנובה בקר,"ק""ג",,1,79.90,79.90
96,מסיכת הגנה 3 שכבות בודד,ספקים שונים,יח`,,1,9.90,9.90
97,מסיכת הגנה לפנים 50 יח`,ספקים שונים,יח`,,1,100,100
98,מסיכות בד שלישייה,אומנות התפירה,יח`,,1,19.90,19.90
99,תבנית גדולה המותג,דין שיווק - עטרת,יח`,,1,1.90,1.90
100,תבנית אינגליש המותג,דין שיווק - עטרת,יח`,,1,0.90,0.90
101,תבנית ענק המותג,דין שיווק - עטרת,יח`,,1,2.90,2.90
102,אווזית עגל טרי מוכשר,אדום אדום - תנובה בקר,"ק""ג",,1,79.90,79.90
103,אנטריקוט עגל טרי מוכשר סטייק,אדום אדום - תנובה בקר,"ק""ג",,1,138,138
104,אוסובוקו עגל טרי מוכשר,אדום אדום - תנובה בקר,"ק""ג",,1,49.90,49.90
105,מעושנת א.ח.נוכרי,צ.י תעשיות מזון יבנה בעמ,"ק""ג",,1,38,3.80
106,דג סלמון נורבגי טרי שלם - נקי,מאסטרפוד בעמ,"ק""ג",,1,59.90,59.90
107,צוואר עגל טרי עם עצם מוכשר,אדום אדום - תנובה בקר,"ק""ג",,1,49.90,49.90
108,בשר ראש טרי מוכשר,אדום אדום - תנובה בקר,"ק""ג",,1,49.90,49.90
109,צהובה עמק 28% תנובה,תנובה - חלב,"ק""ג",,1,42.70,4.27
110,גבינת גלבוע 22% תנובה,תנובה - חלב,"ק""ג",,1,40.59,4.06
111,מוצרלה חריץ תנובה,תנובה - חלב,"ק""ג",,1,76,7.60
112,קולאג 23% פרמזן חריץ תנובה,תנובה - חלב,"ק""ג",,1,113,11.30
113,סקנדינבית 31% תנובה,תנובה - חלב,"ק""ג",,1,76,7.60
114,קשקבל (27% גלעד) תנובה,תנובה - חלב,"ק""ג",,1,121,12.10
115,בולגרית 24% פח 3  קג`תנובה,תנובה - חלב,"ק""ג",,1,56,5.60
116,אסאדו טרי מוכשר,אדום אדום - תנובה בקר,"ק""ג",,1,49.90,49.90
117,טל העמק 9% חריץ תנובה,תנובה - חלב,"ק""ג",,1,82,8.20
118,טל העמק 32% צהובה,תנובה - חלב,"ק""ג",,1,55,5.50
119,צפתית מלבנית 5% פיראוס מעודנת,תנובה - חלב,"ק""ג",,1,42,4.20
120,עמק פיקוח 28% צהובה מעדנייה,תנובה - חלב,"ק""ג",,1,42.70,4.27
121, דנאבלו(רוקפור),ג.וילי-פוד אינטרנשיונל בעמ,"ק""ג",,1,85,8.50
122,בלוז מעדנייה שטראוס,שטראוס גרופ בעמ/מצונן,"ק""ג",,1,50,5
123,פטינה מעדנייה שטראוס,שטראוס גרופ בעמ/מצונן,"ק""ג",,1,22,2.20
124,דג לברק טרי נקי,מאסטרפוד בעמ,"ק""ג",,1,59.90,59.90
125,סלמי סרוולט יחיעם (150 גרם),מעדני יחיעם (1993) בעמ,יח`,,1,24.90,16.60
126,פסטרמה של פעם 200,מעדני יחיעם (1993) בעמ,יח`,,1,24.90,12.45
127,נקניקיות עוף 400  גר`יחיעם,מעדני יחיעם (1993) בעמ,יח`,,1,10.90,2.73
128,סלמי צרפתי יחיעם (100 גרם),מעדני יחיעם (1993) בעמ,יח`,,1,19.90,19.90
129,נקניקיות עוף טירת צבי לפי משקל (500 גרם),תנובה קפואים,"ק""ג",,1,23.90,23.90
130,דג בורי טרי נקי,מאסטרפוד בעמ,"ק""ג",,1,39,39
131,הקוביה הבולגרית 175 גר`,הגבינות של ניצן,יח`,,1,14.90,8.51
132,כתף עגל טרי עם עצם מוכשר,אדום אדום - תנובה בקר,"ק""ג",,1,54.90,54.90
133,לבנה אבו גוש במשקל,הגבינות של ניצן,"ק""ג",,1,50,5
134,פילה מדומה טרי מוכשר,אדום אדום - תנובה בקר,"ק""ג",,1,79.90,79.90
135,דג ברמונדי נקי שלם,מאסטרפוד בעמ,"ק""ג",,1,49.90,49.90
136,גבנצ 28% נעם חריץ פיקוח מעדנייה,החב` המרכזית - טרה,"ק""ג",,1,42.70,4.27
137,גבנצ 22% נעם חריץ פיקוח מעדנייה,החב` המרכזית - טרה,"ק""ג",,1,39,3.90
138,חלבה א.ח נוכרי חלבי בלוק נוגט,השחר העולה תעשית ממתקים בעמ,"ק""ג",,1,42.90,28.60
139,גבינת גאודה מהולנד וילי פוד מעדניה,ג.וילי-פוד אינטרנשיונל בעמ,"ק""ג",,1,59,5.90
140,צלי כתף טרי מוכשר,אדום אדום - תנובה בקר,"ק""ג",,1,89.90,8.99
141,לחמניות מקמח מלא ברמן) (6,י.את א. ברמן בעמ,יח`,,1,10.90,2.02
142,קאשקבל משולש מעדנייה גד,מחלבות גד שיווק 1992 בעמ,"ק""ג",,1,120,12
143,מוצרלה נקניק מעושן 22% מעדנייה גד,מחלבות גד שיווק 1992 בעמ,"ק""ג",,1,84,8.40
144,בולגרית 5% 16%  מעודנת- גד מעדניה,מחלבות גד שיווק 1992 בעמ,"ק""ג",,1,56,5.60
145,גבינת מוצרלה נקניק מעדנייה גד,מחלבות גד שיווק 1992 בעמ,"ק""ג",,1,80,8
146,גבינה צפתית רכה 5% מעדנייה גד,מחלבות גד שיווק 1992 בעמ,"ק""ג",,1,60,6
147,שמנות 30% בטעמים מעדנייה גד,מחלבות גד שיווק 1992 בעמ,"ק""ג",,1,45,4.50
148,מוצרלה במים גד מעדניה,מחלבות גד שיווק 1992 בעמ,"ק""ג",,1,92,9.20
149,דג דניס טרי נקי,מאסטרפוד בעמ,"ק""ג",,1,59.90,59.90
150,גאודה 30% חריץ מעדניה,תנובה - חלב,"ק""ג",,1,108,10.80
151,גאודה כמון 30%,תנובה - חלב,"ק""ג",,1,108,10.80
152,גאודה עז 28%,תנובה - חלב,"ק""ג",,1,144,14.40
153,גאודה מעושנת 30% במשקל,תנובה - חלב,"ק""ג",,1,108,10.80
154,פילה סלמון נורבגי שלם -טרי,מאסטרפוד בעמ,"ק""ג",,1,99,9.90
155,גאודה כבשים 30%,תנובה - חלב,"ק""ג",,1,102,10.20
156,פילה סלמון תנובה מנות,תנובה קפואים,"ק""ג",,1,79.90,7.99
157,פילה אמנון 5-7 100% דג - תנובה,תנובה קפואים,"ק""ג",,1,29.90,2.99
158,נילוס פרוס,תנובה קפואים,"ק""ג",,1,34.90,34.90
159,זוג סלמון קפוא ללא עור 100%  דג- תנובה,תנובה קפואים,"ק""ג",,1,89.90,89.90
160,שיפודי פרגיות קפוא,קורניש חן (1987) בעמ,"ק""ג",,1,54.90,5.49
161,פילה סלמון תנובה קפוא בוואקום,תנובה קפואים,"ק""ג",,1,64.90,6.49
162,נתח פילה סלמון קפוא,תנובה קפואים,"ק""ג",,1,87.90,8.79
163,כתף טרי מוכשר ללא עצם,אדום אדום - תנובה בקר,"ק""ג",,1,79.90,79.90
164,סטייק עין קפוא פריגומרק מוביל,מאסטרפוד בעמ,"ק""ג",,1,49.90,49.90
165,אצבעות  קשתית(אנטריקוט) קפוא,בלדי בעמ,"ק""ג",,1,49.90,49.90
166,ענבים אדומים ארוז,פירות אביב בעמ,יח`,,1,12.90,12.90
167,מגש אקס אל 24 יח`,טמפו משקאות בעמ,יח`,,1,65,65
168,קורנדביף 4% שומן יחיעם (180 גרם),מעדני יחיעם (1993) בעמ,יח`,,1,24.90,13.83
169,סלמי הרץ יחיעם (150 גרם),מעדני יחיעם (1993) בעמ,יח`,,1,24.90,16.60
170,כאמל סופט,גלוברנדס בעמ - שיווק סיגריות,יח`,,1,28.50,28.50
171,כאמל בוקס,גלוברנדס בעמ - שיווק סיגריות,יח`,,1,28.50,28.50
172,כאמל כחול,גלוברנדס בעמ - שיווק סיגריות,יח`,,1,28.50,28.50
173,וינסטון בוקס,גלוברנדס בעמ - שיווק סיגריות,יח`,,1,30.50,30.50
174,פילה בקר חלק מוביל,בלדי בעמ,"ק""ג",,1,99,9900
175,קוביות לגולש טרי ארוז מוכשר,אדום אדום - תנובה בקר,"ק""ג",,1,64.90,64.90
176,סטייק סלמון נורבגי וואקום,בלדי בעמ,"ק""ג",,1,49.90,49.90
177,וילי פוד פרמז`נו 200 גר`,ג.וילי-פוד אינטרנשיונל בעמ,יח`,,1,26.90,13.45
178,ריאות עגל קפוא מוכשר,אדום אדום - תנובה בקר,"ק""ג",,1,29.90,29.90
179,מארז רגלים פרוס קפוא חלק מוביל,אדום אדום - תנובה בקר,"ק""ג",,1,39.90,39.90
180,גבינה סגנון פטה,נטו מלינדה סחר בעמ,"ק""ג",,1,29,2.90
181,אנטריקוט עגל מעובד מופשר מחפוד אנגוס,עוף ירושלים שיווק בעמ,"ק""ג",,1,99,99
182,צלי כתף טרי יבוא מוכשר  צרפתי/  פולני/,נטו בשרים,"ק""ג",,1,69.90,69.90
183,צלעות טרי יבוא חלק  צרפתי/ פולני,נטו בשרים,"ק""ג",,1,49.90,49.90
184,כרעיים עוף טרי ארוז,טל הל יסכה בעמ,"ק""ג",,1,26.90,26.90
185,שוקיים עוף טרי ארוז,עוף עוז שיווק בעמ,"ק""ג",,1,26.90,26.90
186,כנפיים עוף טרי ארוז,עוף עוז שיווק בעמ,"ק""ג",,1,11.90,11.90
187,חזה עוף טרי שלם ארוז,עוף עוז שיווק בעמ,"ק""ג",,1,36.90,36.90
188,חזה עוף פרוס טרי ארוז שניצל,עוף עוז שיווק בעמ,"ק""ג",,1,39.90,39.90
189,סטייק פרגית ללא עור,טל הל יסכה בעמ,"ק""ג",,1,44.90,44.90
190,כבד עוף לצליה טרי ארוז,עוף עוז שיווק בעמ,"ק""ג",,1,23.90,23.90
191,גרון הודו נקבה טרי ארוז,עוף עוז שיווק בעמ,"ק""ג",,1,27.90,27.90
192,חזה הודו נקבה טרי ארוז מוביל,עוף עוז שיווק בעמ,"ק""ג",,1,27.90,27.90
193,שוקיים הודו נקבה טרי ארוז מוביל,עוף עוז שיווק בעמ,"ק""ג",,1,24.90,24.90
194,פילה עוף טרי ארוז,עוף עוז שיווק בעמ,"ק""ג",,1,36.90,36.90
195,גבינת צדר אנגלית במשקל,נטו מלינדה סחר בעמ,"ק""ג",,1,104,10.40
196,גבינת צ`דר אנגלי כתום משקל,נטו מלינדה סחר בעמ,"ק""ג",,1,120,12
197,פילה בקר טרי יבוא חלק צרפתי / פולני,נטו בשרים,"ק""ג",,1,199,199
198,גבינת גאודה בתוספת תערובת בזיליקום ושום,ג.וילי-פוד אינטרנשיונל בעמ,"ק""ג",,1,80,8
199,גבינת ברי צרפתית מעדנייה וילי פוד,ג.וילי-פוד אינטרנשיונל בעמ,"ק""ג",,1,69,6.90
200,גבינת גרנה פנדו מעדנייה-וילי  פוד,ג.וילי-פוד אינטרנשיונל בעמ,"ק""ג",,1,80,8
201,גאודה סטייל גלגל מעדנייה-וילי  פוד,ג.וילי-פוד אינטרנשיונל בעמ,"ק""ג",,1,42,4.20
202,לאבנה שמן זית מעדנייה גד,מחלבות גד שיווק 1992 בעמ,"ק""ג",,1,41,4.10
203,בולגרית מסורתית/מעודנת 5% מעדנייה גד,מחלבות גד שיווק 1992 בעמ,"ק""ג",,1,58,5.80
204,שמנות 30% טעמים מהדרים מעדנייה גד,מחלבות גד שיווק 1992 בעמ,"ק""ג",,1,45,4.50
205,חזה אווז,בלדי בעמ,"ק""ג",,1,79.90,79.90
206,צוואר /צלעות ללא עצם מוכשר טרי,אדום אדום - תנובה בקר,"ק""ג",,1,69.90,69.90
207,סינטה עגל טרי מוכשר,אדום אדום - תנובה בקר,"ק""ג",,1,133,133
208,שייטל עגל טרי מוכשר,אדום אדום - תנובה בקר,"ק""ג",,1,79.90,79.90
209,קיט נתחים לקצב טחון מוכשר,אדום אדום - תנובה בקר,"ק""ג",,1,49.90,49.90
210,בולגרית 5% מחלב  בקר- מעדנייה,נטו מלינדה סחר בעמ,"ק""ג",,1,74,7.40
211,אנטריקוט עגל טרי חלק ללא עצם סטייק,אדום אדום - תנובה בקר,"ק""ג",,1,138,138
212,פילה סול פוטית,בשר לכל חיים פסקוביץ ובניו בעמ,"ק""ג",,1,26.90,2.69
213,בשר שריר מס 8 קפוא בלדי בדץ מוצפי,בלדי בעמ,"ק""ג",,1,39.90,1
214,סטייק אנטריקוט מוכשר מעובד מופשר,נטו בשרים,"ק""ג",,1,99,99
215,פרלמנט נייט ארוך חפיסה) (20,פיליפ מוריס בעמ,יח`,,1,38,38
216,פרלמנט קצר בודד,פיליפ מוריס בעמ,יח`,,1,38,38
217,מרלבורו רד חפיסה) (20,פיליפ מוריס בעמ,יח`,,1,32,32
218,פרלמנט קצר בלו בודד,פיליפ מוריס בעמ,יח`,,1,38,38
219,מרלבורו גולד חפיסה) (20,פיליפ מוריס בעמ,יח`,,1,32,32
220,אסאדו עגל קפוא מס 99 בעדני גלם מובי,בלדי בעמ,"ק""ג",,1,39.90,39.90
221,דנאבלו גבינה+עובש משקל,נטו מלינדה סחר בעמ,"ק""ג",,1,110,11
222,רבע כבש עטרה קפוא,נטו בשרים,"ק""ג",,1,69.90,6.99
223,גרון הודו טרי א עטרה,נטו מלינדה סחר - עטרה,"ק""ג",,1,28.90,28.90
224,סינטה קפוא רבנות,עוף ירושלים שיווק בעמ,"ק""ג",,1,39.90,39.90
225,פילה אילתית סיני וואקום.,ישראל פלדמן בעמ,"ק""ג",,1,29.90,29.90
226,נקניקיות הודו במשקל מחפוד טירת צבי,תנובה קפואים,"ק""ג",,1,26,2.60
227,דג פילה מרלוזה סיני מוביל,ג.ת. שיווק בן בקר בעמ,"ק""ג",,1,19.90,1.99
228,כבד קפוא פרוס מוכשר מעובד בקר מוביל,ציון שמכה ובניו בעמ,"ק""ג",,1,19.90,19.90
229,אמ אנד אם עדשי חמאת בוטנים 46 גרם,מרס ריגלי ישראל בעמ,יח`,,1,4.90,4.90
230,מ@מס פיאנטס,מרס ריגלי ישראל בעמ,יח`,,1,5.90,6.36
231,קממבר בקר משולשים מעדנייה גד,מחלבות גד שיווק 1992 בעמ,"ק""ג",,1,115,11.50
232,גאודה בקר משולש מעדנייה גד,מחלבות גד שיווק 1992 בעמ,"ק""ג",,1,108,10.80
233,גאודה עיזים משולש מעדנייה גד,מחלבות גד שיווק 1992 בעמ,"ק""ג",,1,132,13.20
234,גרנה פדנו מעדנייה-גד ,מחלבות גד שיווק 1992 בעמ,"ק""ג",,1,149,14.90
235,עמק לייט 9% חריץ מעדניה צהובה,תנובה - חלב,"ק""ג",,1,75,7.50
236,פיראוס בולגרית 5% מעודנת,תנובה - חלב,"ק""ג",,1,43,4.30
237,צפתית/מעודנת 5%,תנובה - חלב,"ק""ג",,1,51,5.10
238,חזה אסאדו כבש קפוא,מאסטרפוד בעמ,"ק""ג",,1,39.90,39.90
239,כתף כבש קפוא חלק,אדום גרופ למזון שיווק והפצה בע,"ק""ג",,1,59.90,59.90
240,סגנון פטה,נטו מלינדה סחר בעמ,"ק""ג",,1,30,3
241,מון בלאן רוקפור 120 גר`,נטו מלינדה סחר בעמ,יח`,,1,13.90,11.58
242,צלעות כבש(קארה  ) קפוא טלה,בלדי בעמ,"ק""ג",,1,118,118
243,צ`דר  טריפל- מעדנייה,נטו מלינדה סחר בעמ,"ק""ג",,1,119,11.90
244,גבנצ 15% נעם חריץ מעדנייה,החב` המרכזית - טרה,"ק""ג",,1,65,6.50
245,גבנצ חריץ אמנטל נעם מעדנייה,החב` המרכזית - טרה,"ק""ג",,1,69,6.90
246,מוצרלה-נעם  מעדנייה,החב` המרכזית - טרה,"ק""ג",,1,82,82
247,צפתית 5% מעדנייה,החב` המרכזית - טרה,"ק""ג",,1,56,56
248,נסיכת הנילוס שלם.,בשר לכל חיים פסקוביץ ובניו בעמ,"ק""ג",,1,24.90,2.49
249,ריאות בקר מעובד,ציון שמכה ובניו בעמ,"ק""ג",,1,13.90,1.39
250,גבינה חצי קשה גאודה,ג.וילי-פוד אינטרנשיונל בעמ,"ק""ג",,1,29,2.90
251,גבינה קשה למחצה אמנטל 28% שומן,ג.וילי-פוד אינטרנשיונל בעמ,"ק""ג",,1,69,6.90
252,גבינת פטינה מעדניה,ג.וילי-פוד אינטרנשיונל בעמ,"ק""ג",,1,30,3
253,בשר מס 8 שריר חלק מו,לוי שמואל ובניו בעמ,"ק""ג",,1,29.90,29.90
254,חלומי 24% מעדנייה גד,מחלבות גד שיווק 1992 בעמ,"ק""ג",,1,95,9.50
255,בולגרית מסורתית מעודנת 5%-16% מעדניה גד,מחלבות גד שיווק 1992 בעמ,"ק""ג",,1,56,5.60
256,פטה עיזים 5%-20% גד מעדניה,מחלבות גד שיווק 1992 בעמ,"ק""ג",,1,110,11
257,גבינת טבורוג 5% יבנה,צ.י תעשיות מזון יבנה בעמ,"ק""ג",,1,22,2.20
258,פילה טונה בהירה ALBACARES אלבקור,גול סחר בעמ,"ק""ג",,1,49.90,49.90
259,פילה סלמון,נ.ת.נ.ג.ב החזקות יעוץ וניהול ב,"ק""ג",,1,69.90,6.99
260,פילה מרלוזה ארגנטנאי מוביל בלי עו,גול סחר בעמ,"ק""ג",,1,29.90,2.99
261,פילה אמנון (מושט) קפוא,נטו בשרים,"ק""ג",,1,29.90,2.99
262,פילה סלמון מנות מ,נ.ת.נ.ג.ב החזקות יעוץ וניהול ב,"ק""ג",,1,74.90,7.49
263,טונה פרוס בוואקום,גול סחר בעמ,"ק""ג",,1,39.90,3.99
264,צלעות טלה פרוס חלק קפוא כבש,אדום גרופ למזון שיווק והפצה בע,"ק""ג",,1,129,129
265,בשר  מס`8 שריר,בלדי בעמ,"ק""ג",,1,29.90,2.99
266,פרמז`נו במשקל,ג.וילי-פוד אינטרנשיונל בעמ,"ק""ג",,1,95,9.50
267,כרעיים עוף קפוא,עוף עוז שיווק בעמ,"ק""ג",,1,22.90,2.29
268,בשר צלי כתף מס 5,מאסטרפוד בעמ,"ק""ג",,1,49.90,4.99
269,כתף בקר 3% שומן זוגלובק (300 גרם),זוגלובק שיווק בעמ,יח`,,1,28.90,9.63
270,לשון בקר מוביל חלק,אדום גרופ למזון שיווק והפצה בע,"ק""ג",,1,39.90,3.99
271,איבריקו ויליפוד,ג.וילי-פוד אינטרנשיונל בעמ,"ק""ג",,1,99,9.90
272,גאודה מחלב עיזים חצי קשה 32%,ג.וילי-פוד אינטרנשיונל בעמ,"ק""ג",,1,119,11.90
273,סלמון הילטון מצונן מעדניה,נטו מלינדה סחר בעמ,"ק""ג",,1,179,179
274,מנצ`גו מעדנייה,נטו מלינדה סחר בעמ,"ק""ג",,1,155,15.50
275,סיימן ברי לה רוסטיק מעדנייה,נטו מלינדה סחר בעמ,"ק""ג",,1,145,14.50
276,סנט מור  במשקל- מעדנייה,נטו מלינדה סחר בעמ,"ק""ג",,1,149,14.90
277,מכבי 7.9 500 פחית,טמפו משקאות בעמ,יח`,,1,7.50,7.50
278,עוף טרי שלם ארוז,עוף עוז שיווק בעמ,"ק""ג",,1,21.90,21.90
279,סטייק עין פרגוואי  מוכשר/,בלדי בעמ,"ק""ג",,1,39.90,3990
280,מיץ לימון 200 מל,דנשר (1963) בעמ,יח`,,1,8.90,4.45
281,קינדר מקסי 21ג,פרימיום-חברה לדברי מתיקה ולמסח,יח`,,1,1.90,9.05
282,קינדר ביצת הפתעה,פרימיום-חברה לדברי מתיקה ולמסח,יח`,,1,4.90,4.90
283,מסטיק בטעם תות הובה בובה (35 גרם),מרס ריגלי ישראל בעמ,יח`,,1,3,8.57
284,באונטי חטיף שוקולד קוקוס 57 גרם,מרס ריגלי ישראל בעמ,יח`,,1,3.90,6.84
285,איירוייבז מנטה ואקליפטוס,מרס ריגלי ישראל בעמ,יח`,,1,5.90,5.90
286,הובה בובה קלאסי,מרס ריגלי ישראל בעמ,יח`,,1,3,8.57
287,רול און פרש לאישה FLOWER - (0% Aluminum),אלפא- ב.ד.ף בעמ,יח`,,1,14.90,14.90
288,איירוייבז אוכמניות ומנטה,מרס ריגלי ישראל בעמ,יח`,,1,5.90,5.90
289,נקסט FF בודד,פיליפ מוריס בעמ,יח`,,1,27,27
290,נקסט לייט חפיסה) (20,פיליפ מוריס בעמ,יח`,,1,27,27
291,כבד דג שיבוט במיץ טבעי אופיסר (120 גרם),דיפלומט היינץ,יח`,,1,13.90,11.58
292,ווג פריזון לייט,גלוברנדס בעמ - שיווק סיגריות,יח`,,1,37,37
293,חטיף טעמי עלית (40 גרם),שטראוס גרופ בעמ,יח`,,1,3.90,9.75
294,חטיף מקופלת עלית (25 גרם),שטראוס גרופ בעמ,יח`,,1,3.90,15.60
295,פסק זמן חטיף קלאסי עלית (45 גרם),שטראוס גרופ בעמ,יח`,,1,4.90,10.89
296,טוויסט,שטראוס גרופ בעמ,יח`,,1,3.90,13.93
297,מילקי וניל,שטראוס גרופ בעמ/מצונן,יח`,,1,2.70,2.08
298,מילקי שוקו,שטראוס גרופ בעמ/מצונן,יח`,,1,2.70,2.08
299,מילקי פי 2 קצפת,שטראוס גרופ בעמ/מצונן,יח`,,1,3.70,2.18
300,כרוב אדום 250,שטראוס גרופ בעמ/מצונן,יח`,,1,8.90,3.56
301,חומוס אחלה 250 גר,שטראוס גרופ בעמ/מצונן,יח`,,1,6.90,2.76
302,מילקי מיני שוקולד,שטראוס גרופ בעמ/מצונן,יח`,,1,2,1.54
303,יוגורט עם משמש 1.5% פרילי (125 גרם),תנובה - חלב,יח`,,1,3.50,2.80
304,חמאה תנובה (100  גרם)פיקוח,תנובה - חלב,יח`,,1,3.94,3.94
305,שמנת של פעם 27% תנובה (200 גרם),תנובה - חלב,יח`,,1,4.20,2.10
306,טבעגורט 200מל ל,תנובה - חלב,יח`,,1,5.10,2.55
307,יוגורט לבן 4.5% תנובה (200 מל),תנובה - חלב,יח`,,1,2.90,1.45
308,מעדן חלב בטעם וניל באדי (125 גרם),תנובה - חלב,יח`,,1,2.90,2.32
309,גלידת פיינטים וניל צרפתי בן אנד גריס,מוצרי איכות אמריקאיים בעמ,יח`,,1,19.90,4.74
310,גלידת פיינטים קרם עוגיות,מוצרי איכות אמריקאיים בעמ,יח`,,1,19.90,4.74
311,גלידת פיינטים טופי קרנץ,מוצרי איכות אמריקאיים בעמ,יח`,,1,19.90,4.74
312,גלידת פיינטים ניו-יורק סופר,מוצרי איכות אמריקאיים בעמ,יח`,,1,19.90,4.74
313,גלידת פיינטים צאנקי מנקי,מוצרי איכות אמריקאיים בעמ,יח`,,1,19.90,4.74
314,גלידת פיינטים שוקולד בראוניס,מוצרי איכות אמריקאיים בעמ,יח`,,1,19.90,4.74
315,טיים רד,דובק בעמ,יח`,,1,26.80,26.80
316,גלידת פיינטים בן אנד גריס פיינט 750 מל,מוצרי איכות אמריקאיים בעמ,יח`,,1,19.90,2.65
317,דני שוקולד בודד,שטראוס גרופ בעמ/מצונן,יח`,,1,2.60,2.08
318,מרלבורו גולד  טאצ`בודד,פיליפ מוריס בעמ,יח`,,1,28.50,28.50
319,טיק טק תפוז,פרימיום-חברה לדברי מתיקה ולמסח,יח`,,1,3,18.75
320,טיק טק מנטה,פרימיום-חברה לדברי מתיקה ולמסח,יח`,,1,3,18.75
321,בואנו קינדר בודד,פרימיום-חברה לדברי מתיקה ולמסח,יח`,,1,3.90,3.90
322,חטיף הפי היפו בודד,פרימיום-חברה לדברי מתיקה ולמסח,יח`,,1,2.90,8.29
323,ממרח אגוזי לוז נוטלה (750 גרם),פרימיום-חברה לדברי מתיקה ולמסח,יח`,,1,24.90,3.32
324,ממרח אגוזי לוז נוטלה (350 גרם),פרימיום-חברה לדברי מתיקה ולמסח,יח`,,1,14.90,4.26
325,קינדר קאונטרי,פרימיום-חברה לדברי מתיקה ולמסח,יח`,,1,2.90,2.90
326,קינדר שוקולד 50 גר,פרימיום-חברה לדברי מתיקה ולמסח,יח`,,1,3.90,7.80
327,קינדר מקסי שישיה,פרימיום-חברה לדברי מתיקה ולמסח,יח`,,1,9.90,7.92
328,קינדר בואנו לבן בודד 0.43 גר`,פרימיום-חברה לדברי מתיקה ולמסח,יח`,,1,3.90,9.07
329,ביצת קינדר ג`וי בודד ורוד,פרימיום-חברה לדברי מתיקה ולמסח,יח`,,1,4.90,24.50
330,מסטיק מנטוס וויט ביג בטעם מנטה פירות 10,ליימן שליסל בעמ,יח`,,1,16.90,16.10
331,מסטיק מנטוס פיור פרש בבקבוק בינוני בטעם,ליימן שליסל בעמ,יח`,,1,9.90,16.50
332,מסטיק מנטוס פיור פרש בקבוק בינוני בטעם ת,ליימן שליסל בעמ,יח`,,1,9.90,16.50
333,מסטיק מנטוס ביג בבקבוק מעוגל בטעם מנטה 9,ליימן שליסל בעמ,יח`,,1,16.90,16.90
334,מסטיק מנטוס וויט מנטה,ליימן שליסל בעמ,יח`,,1,9.90,9.90
335,מסטיק מנטוס פיור פרש בקבוק בינוני בטעם א,ליימן שליסל בעמ,יח`,,1,9.90,16.50
336,מסטיק מנטוס בבקבוק מעוגל בטעם מנטה 60 גר,ליימן שליסל בעמ,יח`,,1,9.90,16.50
337,מסטיק מנטוס פיור פרש בינוני בטעם אבטיח 9,ליימן שליסל בעמ,יח`,,1,17.90,17.90
338,טיק טק תות שדה,פרימיום-חברה לדברי מתיקה ולמסח,יח`,,1,3,18.75
339,מסטיק מנטוס פיור בבקבוק בינוני בטעם טרופ,ליימן שליסל בעמ,יח`,,1,9.90,16.50
340,ביצת קינדר ג`וי בודד כחול,פרימיום-חברה לדברי מתיקה ולמסח,יח`,,1,4.90,24.50
341,נייר קצר לגלגול ללא פילטר,צפניה ברזילי בעמ,יח`,,1,2,2
342,סוכריות לעיסה בטעם תות מנטוס (37.5 גרם),ליימן שליסל בעמ,יח`,,1,3.90,10.54
343,מנטוס רביעיה,ליימן שליסל בעמ,יח`,,1,11.90,7.93
344,סוכריות לעיסה בטעם מנטה מנטוס (64 גרם),ליימן שליסל בעמ,יח`,,1,6.90,10.78
345,מנטוס גליל 7 טעמים,ליימן שליסל בעמ,יח`,,1,3.90,10.40
346,משקה אנרגיה רד בול (250 מל),דיפלומט היינץ,יח`,,1,5.90,2.24
347,רד בול טרופי 250 מל,דיפלומט היינץ,יח`,,1,5.90,2.24
348,רקסונה סטיק נשים 50 אינביזבל,יוניליוור ישראל שיווק בעמ,יח`,,1,14.90,29.80
349,דאודורנט רול און דאב ריח אגס(50 מל),יוניליוור ישראל שיווק בעמ,יח`,,1,14.90,29.80
350,נוטלה אנד גו 52 גרם,פרימיום-חברה לדברי מתיקה ולמסח,יח`,,1,4.90,9.42
351,טבסקו משפחתי,ציון תורג`מן בעמ,יח`,,1,49.90,83.17
352,טבסקו,ציון תורג`מן בעמ,יח`,,1,12.90,21.50
353,רוטב טבסקו,ציון תורג`מן בעמ,יח`,,1,20.90,34.83
354,טבסקו שום,ציון תורג`מן בעמ,יח`,,1,12.90,21.50
355,טבסקו מעושן,ציון תורג`מן בעמ,יח`,,1,12.90,21.50
356,טבסקו רוטב סרירצה 556 גר`,ציון תורג`מן בעמ,יח`,,1,29.90,5.38
357,פאקט כאמל סופט,גלוברנדס בעמ - שיווק סיגריות,יח`,,1,285,285
358,מונרי חומץ בלסמי כשר ירוק 500 מל,דנשר (1963) בעמ,יח`,,1,26.90,5.38
359,נייטשר וואלי 210 גר` שיבולת שועל ושוקולד,ליימן שליסל בעמ,יח`,,1,19.90,9.48
360,נייטשר וואלי 210 גר` שיבולת שועל ודבש,ליימן שליסל בעמ,יח`,,1,19.90,11.37
361,נייטשר וואלי 210 גר` מייפל וסוכר חום,ליימן שליסל בעמ,יח`,,1,19.90,9.48
362,פילסברי תערובת שוקולד,ליימן שליסל בעמ,יח`,,1,18.90,3.66
363,תערובת להכנת עוגת וניל פילסברי (500 גר,ליימן שליסל בעמ,יח`,,1,18.90,3.61
364,פילסברי תערובת שיש,ליימן שליסל בעמ,יח`,,1,18.90,3.38
365,תערובת לעוגת בראוניס פילסברי (550 גרם),ליימן שליסל בעמ,יח`,,1,18.90,3.10
366,ספיד סטיק 24/7 גל כתום,ש.שסטוביץ בעמ,יח`,,1,17.90,35.10
367,חמצוצים 4 צבעים 100 גרם,גורי ע.ע.ע בעמ,יח`,,1,7.90,7.90
368,מקלות חמוצות 100,גורי ע.ע.ע בעמ,יח`,,1,7.90,7.90
369,מקלות חמוצות 100,גורי ע.ע.ע בעמ,יח`,,1,7.90,7.90
370,מקלות חמוצות 100,גורי ע.ע.ע בעמ,יח`,,1,7.90,7.90
371,מקלות חמוצות 100,גורי ע.ע.ע בעמ,יח`,,1,7.90,7.90
372,וואזה מקמח מלא 260גר,גורי מוצרי צריכה (1991) בעמ,יח`,,1,11.90,4.58
373,חטיף גומ טויז תות,ליימן שליסל בעמ,יח`,,1,8.90,4.49
374,מברשת שיניים קולגייט רוטטת אופטיק וויט 3,פארמה דיל (פ.א.ב.) שיווק והפצה,יח`,,1,29.90,29.90
375,ממחטות לושן שלוש שכבות בקוביה קלינקס (75,קימברלי קלארק ישראל שיווק בעמ,יח`,,1,11.90,11.90
376,ממחטות לושן שלוש שכבות קלינקס (120),קימברלי קלארק ישראל שיווק בעמ,יח`,,1,19.90,4.80
377,חמאת בוטנים עם שברי בוטנים 462ג סקיפי,דיפלומט היינץ,יח`,,1,19.90,4.31
378,חמאת בוטנים סקיפי עם דבש 462 גרם,דיפלומט היינץ,יח`,,1,19.90,4.31
379,חטיף צ`יפס אורגינל פרינגלס (149 גרם),דיפלומט היינץ,יח`,,1,9.90,6.64
380,פרינגלס שמנת בצל 158 גר,דיפלומט היינץ,יח`,,1,9.90,6.27
381,חטיף צ`יפס חמוץ מלוח פרינגלס (158 גרם),דיפלומט היינץ,יח`,,1,9.90,6.27
382,פרינגלס פיצה 158 גר,דיפלומט היינץ,יח`,,1,9.90,6.27
383,חטיף צ`יפס ראנץ` פרינגלס (158 גרם),דיפלומט היינץ,יח`,,1,9.90,6.27
384,פרינגלס חלפינו 158 גר,דיפלומט היינץ,יח`,,1,9.90,6.27
385,פרינגלס ביג ברביקין 158 גר,דיפלומט היינץ,יח`,,1,9.90,6.27
386,פרינגלס ביג שמנת בצל 158 גר,דיפלומט היינץ,יח`,,1,9.90,6.27
387,חטיף צ`יפס אורגינל ביג פרינגלס (149 גרם),דיפלומט היינץ,יח`,,1,9.90,6.64
388,דגנים מרובעים קינמון קוואקר (411 גרם),שטראוס פריטו ליי בעמ,יח`,,1,19.90,4.83
389,דגנים מרובעים קוואקר (411 גרם),שטראוס פריטו ליי בעמ,יח`,,1,19.90,4.83
390,קפטן קראנץ דגני תירס 398 גר`,שטראוס פריטו ליי בעמ,יח`,,1,19.90,5
391,משחת בלונים שלישייה ספיידרמן 6 יח,אינובייטיב טוייס בעמ,יח`,,1,24.90,24.90
392,מ@מס קריספי 80 גר,מרס ריגלי ישראל בעמ,יח`,,1,5.90,7.38
393,M M שוקולד 303 גר`,מרס ריגלי ישראל בעמ,יח`,,1,19.90,6.57
394,M M בוטנים 303 גר`,מרס ריגלי ישראל בעמ,יח`,,1,19.90,6.57
395,מ@מס 156 גר,מרס ריגלי ישראל בעמ,יח`,,1,9.90,6.35
396,מ@מס בוטנים 156 גר,מרס ריגלי ישראל בעמ,יח`,,1,9.90,6.35
397,עדשי שוקולד בוטנים אם אנד אם (49 גרם),מרס ריגלי ישראל בעמ,יח`,,1,4.90,10
398,רוטב סויה דל נתרן קיקומן (444 מל),דיפלומט היינץ,יח`,,1,29.90,6.73
399,רוטב טריאקי קיקומן (444 מל),דיפלומט היינץ,יח`,,1,29.90,6.73
400,עוגיות שטרודל תפוח עץ מרבה (225 גרם),ש.שסטוביץ בעמ,יח`,,1,9.90,4.40
401,עוגיות שוקולד צ`יפס מרבה (225 גרם),ש.שסטוביץ בעמ,יח`,,1,9.90,4.40
402,פריסקיז מעדני חתול,קבוצת אסם סחר שות. מוגבלת,יח`,,1,39.90,28.50
403,מזון חתולים רטוב סלמון פריסקיז (156 גרם),קבוצת אסם סחר שות. מוגבלת,יח`,,1,6.90,4.42
404,מתלה שקוף קטן עם שני פסי הדבקה,א.מ. דיוויסלי בעמ,יח`,,1,15.90,15.90
405,סופר גלו נוזלי בבקבוק פטנט,א.מ. דיוויסלי בעמ,יח`,,1,20.90,20.90
406,רביעיות רסק תפוחי עץ תות שדה ללא תוספת ס,מור-ים מרקטינג בעמ,יח`,,1,13.90,3.08
407,רביעות רסק תפוחי עץ ממותק בסגנון ביתי 45,מור-ים מרקטינג בעמ,יח`,,1,13.90,3.08
408,רביעיות רסק תפוחי עץ ללא תוספת סוכר 452,מור-ים מרקטינג בעמ,יח`,,1,13.90,3.08
409,תרסיס ניקוי כללי כלורוקס (946 מל),גורי מוצרי צריכה (1991) בעמ,יח`,,1,17.90,1.89
410,תרסיס שמן קנולה בטעם חמאה פאם (148 מל),ליימן שליסל בעמ,יח`,,1,20.90,14.82
411,תרסיס שמן זית פאם (148 מל),ליימן שליסל בעמ,יח`,,1,20.90,14.82
412,תרסיס שמן קנולה פאם (148 מל),ליימן שליסל בעמ,יח`,,1,20.90,14.12
413,סוכריות מייק-אייק אייס 102,גורי מוצרי צריכה (1991) בעמ,יח`,,1,9.90,9.71
414,סוכריות מייק-אייק אייס,גורי מוצרי צריכה (1991) בעמ,יח`,,1,9.90,7.02
415,סוכריות מייק-אייק אייס,גורי מוצרי צריכה (1991) בעמ,יח`,,1,9.90,7.02
416,סוכריות מייק-אייק אייס,גורי מוצרי צריכה (1991) בעמ,יח`,,1,9.90,9.71
417,הר חטיף גבינה 198 גר`,מור-ים מרקטינג בעמ,יח`,,1,21.90,11.06
418,גלידה וניל+בצק  עוגיות ושוקולד ציפס 473ג,מוצרי איכות אמריקאיים בעמ,יח`,,1,19.90,4.21
419,גלידת פיינטים שוקולד,מוצרי איכות אמריקאיים בעמ,יח`,,1,19.90,4.74
420,גלידת פיינטים בן אנד גריס פיינט תות,מוצרי איכות אמריקאיים בעמ,יח`,,1,19.90,2.65
421,גלידת פיינטים וניל שמנת משובחת 500 מל,מוצרי איכות אמריקאיים בעמ,יח`,,1,19.90,3.98
422,כשלפ- סוכריות לימון,שטראוס גרופ בעמ,יח`,,1,8.90,11.13
423,סניידרס מקלוני חיטה בתוספת דבש 340 גר`,ליימן שליסל בעמ,יח`,,1,17.90,5.26
424,סניידרס בייגלה במילוי קרם צ`דר,ליימן שליסל בעמ,יח`,,1,19.90,8.77
425,סניידרס שברי בייגל בטעם גבינת צ`אדר,ליימן שליסל בעמ,יח`,,1,13.90,4.09
426,סניידרס שברי בייגל בטעם בצל חרדל ודבש,ליימן שליסל בעמ,יח`,,1,13.90,4.09
427,סניידרס שברי בייגלה חלפינו 340ג,ליימן שליסל בעמ,יח`,,1,13.90,4.09
428,סנדביץ בייגלה במילוי קרם בטעם פיצה,ליימן שליסל בעמ,יח`,,1,19.90,8.77
429,סניידרס מקלוני חיטה בתוספת ציה וקינואה,ליימן שליסל בעמ,יח`,,1,17.90,5.26
430,וויסקי שיבס ריגל (700 מל),טמפו פרנו,יח`,,1,118,16.81
431,בלון פסטל שמחה זה אנחנו) (50,שמחה זה אנחנו בעמ,יח`,,1,11.90,11.90
432,טופו מוצק טעמי אסיה (349 גרם),טעמי אסיה בעמ,יח`,,1,12.90,3.79
433,רוטב סריריאצ`ה סופר חריף 455 מל,אימפורט פור יו בעמ,יח`,,1,21.90,4.81
434,דיניקולה רוטב פסטה מרינרה 737 גר`,מור-ים מרקטינג בעמ,יח`,,1,14.90,2.02
435,אסטוניש מרסס לשומן שרוף,יעקב יעקבי ובניו בעמ,יח`,,1,11.90,1.70
436,פופקורנס טבעי עם מלח ים 50 גר,אבאל יזמות בעמ,יח`,,1,4.90,9.80
437,פופקורנס טעם בצל 50 גר,אבאל יזמות בעמ,יח`,,1,4.90,9.80
438,פופקורנס טעם גבינה 50 גר,אבאל יזמות בעמ,יח`,,1,4.90,9.80
439,פופקורנס טעם גריל 50 גר,אבאל יזמות בעמ,יח`,,1,4.90,9.80
440,פופקורנס קרמל מלוח 50 גר,אבאל יזמות בעמ,יח`,,1,4.90,9.80
441,קוסקוס 350 גר` גודל בינוני 100% חיטת דור,אבאל יזמות בעמ,יח`,,1,4.90,1.40
442,תכשיטים סוג 2,קונסיגנציה- פ. מ. תכשיטים,יח`,,1,22.90,22.90
443,קורנישון מיני 720 גר` תומר,תומר יבוא ושיווק מוצרי מזון (1,יח`,,1,8.90,1.24
444,שזיפים מיובשים מגולענים 567  גר`היל ויו,מור-ים מרקטינג בעמ,יח`,,1,24.90,4.39
445,ענבים שחורים ארוז,פירות אביב בעמ,יח`,,1,12.90,12.90
446,ערכה ליולדת ע,די.אנ.איי. נטוורקינג בעמ***לא,יח`,,1,199,199
447,פחמים 2קג,פחם קוואנגו סחר בעמ,יח`,,1,11.90,0.60
448,חטיף צ`יפס אורגינל טרה (110  גרם)כשר לפס,דנשר (1963) בעמ,יח`,,1,14.90,13.55
449,חטיף צ`יפס מתפוח אדמה כחול טרה (110 גרם),דנשר (1963) בעמ,יח`,,1,14.90,13.55
450,חטיף צ`יפס ים תיכוני טרה (110 גרם),דנשר (1963) בעמ,יח`,,1,14.90,13.55
451,חטיף טרה מבטטה בטעם ברבקיו 110 גר,דנשר (1963) בעמ,יח`,,1,14.90,13.55
452,חטיף צ`יפס בטטה טרה (110  גרם) כשלפ,דנשר (1963) בעמ,יח`,,1,14.90,13.55
453,חטיף טרה צ`יפס 110 גר`,דנשר (1963) בעמ,יח`,,1,14.90,13.55
454,חטיף טרה צ`יפס 110 גר`,דנשר (1963) בעמ,יח`,,1,14.90,13.55
455,גלידת פיינטים בטעם קפה,מוצרי איכות אמריקאיים בעמ,יח`,,1,19.90,4.74
456,מטחנת ג`מבו - פלפל שחור שלם 150 גר,אבאל יזמות בעמ,יח`,,1,24.90,16.60
457,נייר אפייה לתבנית מוארכות 30 יח הנמל,הנמל אריזות ושיווק (1984) בעמ,יח`,,1,9.90,9.90
458,כפות 50 יח קרם עבה הנמל,הנמל אריזות ושיווק (1984) בעמ,יח`,,1,8.90,8.90
459,מזלגות 50 יח` שקוף עבה הנמל,הנמל אריזות ושיווק (1984) בעמ,יח`,,1,8.90,8.90
460,סכינים 50 יח` קרם עבה הנמל,הנמל אריזות ושיווק (1984) בעמ,יח`,,1,8.90,8.90
461,כוס לשתיה קרה 330 סמק` 40 יח`,הנמל אריזות ושיווק (1984) בעמ,יח`,,1,5.90,5.90
462,ניילון נצמד הנמל (150 מטר),הנמל אריזות ושיווק (1984) בעמ,יח`,,1,19.90,19.90
463,מגש מרובע שקוף ונציה 30.5X30.5 סמ 1 י,הנמל אריזות ושיווק (1984) בעמ,יח`,,1,6.90,6.90
464,מגש אינגליש קייק שקוף ונציה 37X17 סמ,הנמל אריזות ושיווק (1984) בעמ,יח`,,1,3.90,3.90
465,נר נשמה 48 שעות זכוכית,הנמל אריזות ושיווק (1984) בעמ,יח`,,1,4.50,4.50
466,מאפינס צבעוני 200  יח` מס`4,הנמל אריזות ושיווק (1984) בעמ,יח`,,1,8.90,8.90
467,מאפינס צבעוני 200 יח  מס`1.5,הנמל אריזות ושיווק (1984) בעמ,יח`,,1,5.90,5.90
468,נרות ריחניים בריח תות הנמל,הנמל אריזות ושיווק (1984) בעמ,יח`,,1,7.90,7.90
469,נרות ריחניים בריח וניל הנמל,הנמל אריזות ושיווק (1984) בעמ,יח`,,1,7.90,7.90
470,מפת שולחן עבה בגליל 45 מטר,הנמל אריזות ושיווק (1984) בעמ,יח`,,1,34.90,34.90
471,סלטינה אמרקאית 100 יח`,הנמל אריזות ושיווק (1984) בעמ,יח`,,1,12.90,12.90
472,שקיות מזון הנמל) (150x2,הנמל אריזות ושיווק (1984) בעמ,יח`,,1,9.90,9.90
473,הנמל שקיות אשפה עם ידיות 25 יח 90*75,הנמל אריזות ושיווק (1984) בעמ,יח`,,1,15.90,15.90
474,מגש הכסף תבנית מרובע קטן+מכסה  10 יח`,הנמל אריזות ושיווק (1984) בעמ,יח`,,1,9.90,9.90
475,מגש הכסף תבנית  אלומ` גדולה+ מכסה 8 יח`,הנמל אריזות ושיווק (1984) בעמ,יח`,,1,9.90,9.90
476,מפת שלחן אל בד עם רנר מודפס 120*270 הנמל,הנמל אריזות ושיווק (1984) בעמ,יח`,,1,9.90,9.90
477,כוסות מתכלה טבעי 25  יח`9 אונז`,הנמל אריזות ושיווק (1984) בעמ,יח`,,1,6.90,6.90
478,צלחות גדולות מקנה סוכר טבעי 25 יח`,הנמל אריזות ושיווק (1984) בעמ,יח`,,1,9.90,9.90
479,צלחות מקרטון זהב+תחרה הנמל,הנמל אריזות ושיווק (1984) בעמ,יח`,,1,13.90,13.90
480,קוקטים לאפייה 24  יח`הנמל,הנמל אריזות ושיווק (1984) בעמ,יח`,,1,8.90,8.90
481,כוסות קרטון 16  יח`הנמל,הנמל אריזות ושיווק (1984) בעמ,יח`,,1,12.90,0.81
482,סלטינות אובלי 25 יח,הנמל אריזות ושיווק (1984) בעמ,יח`,,1,3.90,3.90
483,תבנית אפייה משפחתית מקרטון הנמל (3),הנמל אריזות ושיווק (1984) בעמ,יח`,,1,8.90,8.90
484,תבנית קרטון אינגליש קייק הנמל (6),הנמל אריזות ושיווק (1984) בעמ,יח`,,1,8.90,8.90
485,גפרור ענק הנמל,הנמל אריזות ושיווק (1984) בעמ,יח`,,1,5.90,5.90
486,סיר אלומיניום 3 יח` הנמל,הנמל אריזות ושיווק (1984) בעמ,יח`,,1,14.90,14.90
487,כפות 50 יח עבה הנמל,הנמל אריזות ושיווק (1984) בעמ,יח`,,1,8.90,8.90
488,צלחות אמרקאיות ענק 10 אונ`100 יח`,הנמל אריזות ושיווק (1984) בעמ,יח`,,1,39.90,39.90
489,קינואה 500  גר`הנמל,הנמל אריזות ושיווק (1984) בעמ,יח`,,1,15.90,3.18
490,מרקיה אמריקאית 100 יח,הנמל אריזות ושיווק (1984) בעמ,יח`,,1,19.90,19.90
491,מזלגות 50 יח` קרם עבה הנמל,הנמל אריזות ושיווק (1984) בעמ,יח`,,1,8.90,8.90
492,כוסות קרטון 50 12OZ יח`,הנמל אריזות ושיווק (1984) בעמ,יח`,,1,12.90,12.90
493,כוסות קרטון 50 10OZ יח`,הנמל אריזות ושיווק (1984) בעמ,יח`,,1,9.90,9.90
494,כוסות קרטון 50 4 OZ יח`,הנמל אריזות ושיווק (1984) בעמ,יח`,,1,5.90,5.90
495,צלחות גדולות צבע 25 יח` מעורב,הנמל אריזות ושיווק (1984) בעמ,יח`,,1,8.90,8.90
496,כוסות צבע מעורב 50 יח`,הנמל אריזות ושיווק (1984) בעמ,יח`,,1,8.90,8.90
497,משקה גויאבה איילנד (1 ליטר),טמפו משקאות בעמ,יח`,,1,10.90,10.90
498,המבורגר ביונד מיט 113 גר` מארז זוגי,דיפלומט היינץ,יח`,,1,34.90,15.44
499,שיק תפוח עץ ותות שדה מארז שישייה 65 גר`,אבאל יזמות בעמ,יח`,,1,11.90,3.05
500,עוגיות מזרחיות קריספי עבאדי (400 גרם),תה ויסוצקי (ישראל) בעמ,יח`,,1,16.90,4.23
501,עוגיות מזרחיות עם מלח עבאדי (400 גרם),תה ויסוצקי (ישראל) בעמ,יח`,,1,16.90,4.23
502,עוגיות מזרחיות עבאדי 400 גר`,תה ויסוצקי (ישראל) בעמ,יח`,,1,16.90,4.23
503,נשנוש בטעם ברבריקין 400 גר עבאדי,תה ויסוצקי (ישראל) בעמ,יח`,,1,17.90,4.48
504,עוגיות מזרחיות עבאדי 400 גר`,תה ויסוצקי (ישראל) בעמ,יח`,,1,16.90,4.23
505,האני בנצ`ס עם דבש פוסט (411 גרם),ר.ב מוצרי דגנים בעמ,יח`,,1,22,5.35
506,האני בנצ`ס עם שקדים פוסט (411 גרם),ר.ב מוצרי דגנים בעמ,יח`,,1,22,5.35
507,בלוברי מורנינג אוככמניות 382 גר`,ר.ב מוצרי דגנים בעמ,יח`,,1,25.90,6.78
508,האני בנצ`ס עם תות פוסט (368 גרם),ר.ב מוצרי דגנים בעמ,יח`,,1,22,5.98
509,דגני בוקר פוסט גרייט גריינס 382 גר`,ר.ב מוצרי דגנים בעמ,יח`,,1,25.90,6.78
510,דגני בוקר פקאן מייפל וסוכר חום 411 גר HB,ר.ב מוצרי דגנים בעמ,יח`,,1,22,5.35
511,קוקו פבלס פוסט (425 גרם) ללא גולטן,ר.ב מוצרי דגנים בעמ,יח`,,1,20,4.71
512,קוק פבלס חמאת בוטנים פוסט (311 גר` ),ר.ב מוצרי דגנים בעמ,יח`,,1,20,6.43
513,דגני בוקר אוראו גולדן (311 גרם),ר.ב מוצרי דגנים בעמ,יח`,,1,22.90,7.36
514,דגני בוקר אוראו פוסט (311 גרם),ר.ב מוצרי דגנים בעמ,יח`,,1,22.90,7.36
515,האני בנצ`ס עם דגנים פוסט (382 גר`),ר.ב מוצרי דגנים בעמ,יח`,,1,22,5.76
516,אורל בי מברשת שיניים  אדוונטג`זוג,דיפלומט מפיצים (1968) בעמ,יח`,,1,26.90,26.90
517,מברשת שיניים לילדים 0-2 אורל בי,דיפלומט מפיצים (1968) בעמ,יח`,,1,15.90,15.90
518,ג`ל קצף גילוח סירייס רגיש 250 מל`,דיפלומט מפיצים (1968) בעמ,יח`,,1,19.90,7.96
519,קצף גילוח רגיש 200 מל`,דיפלומט מפיצים (1968) בעמ,יח`,,1,14.90,7.45
520,סכין גילוח סימפלי ונוס 2 ג`ילט) (4,פארמה דיל (פ.א.ב.) שיווק והפצה,יח`,,1,9.90,9.90
521,סכיני גילוח ונוס ג`ילט) (4,דיפלומט מפיצים (1968) בעמ,יח`,,1,34.90,34.90
522,מברשת שיניים פרו אקספרט 35 אורל-בי) (2,דיפלומט מפיצים (1968) בעמ,יח`,,1,37.90,37.90
523,שוקולד חלב מילקה (100 גרם),דיפלומט היינץ,יח`,,1,5.90,5.90
524,מילקה -שוק` חלבי עם צימוקים ואגוזים 100,דיפלומט היינץ,יח`,,1,5.90,5.90
525,דזיטול מחטא בגדים 500 מל,יעקב יעקבי ובניו בעמ,יח`,,1,14.90,14.90
526,אקסלנס 70% קקאו לינדט (100 גרם),משה סידס ובנו בעמ,יח`,,1,15.90,15.90
527,אקסלנס 85% קקאו לינדט (100 גרם),משה סידס ובנו בעמ,יח`,,1,15.90,15.90
528,אקסלנס תפוז לינדט (100 גרם),משה סידס ובנו בעמ,יח`,,1,15.90,15.90
529,אקסלנס עם שבבי מלח לינדט (100 גרם),משה סידס ובנו בעמ,יח`,,1,15.90,15.90
530,אקסלנס שוקולד מריר 90% לינדט (100 גרם),משה סידס ובנו בעמ,יח`,,1,15.90,15.90
531,אירוויק ספריי 240 מל וניל ואורכידאה,רקיט בנקיזר (ניר איסט) בעמ,יח`,,1,12.90,5.38
532,אירוויק נטול גז,רקיט בנקיזר (ניר איסט) בעמ,יח`,,1,12.90,3.74
533,אירוויק ספריי 240 מל לבנדר,רקיט בנקיזר (ניר איסט) בעמ,יח`,,1,12.90,5.38
534,אירוויק ספריי 240 מל פריסיה ויסמין,רקיט בנקיזר (ניר איסט) בעמ,יח`,,1,12.90,5.38
535,ויט קרם ספריי להסרת שיער לעור רגיל 150מל,רקיט בנקיזר (ניר איסט) בעמ,יח`,,1,34.90,23.27
536,ויט רצועות שעווה,רקיט בנקיזר (ניר איסט) בעמ,יח`,,1,29.90,29.90
537,עוגיות סמיילי במילוי קרם קקאו 175 גר`,אבאל יזמות בעמ,יח`,,1,9.90,5.66
538,עוגיות סמיילי במילוי שוקולד 295 גר`,אבאל יזמות בעמ,יח`,,1,11.90,4.03
539,גבינה בייבי בל אדום 120ג,נטו מלינדה סחר בעמ,יח`,,1,19.90,16.58
540,עוגיות חמאה קלאסי 150 גר` גלאט,נטו מלינדה סחר בעמ,יח`,,1,11.90,7.93
541,פיטנס פירות נסטלה (375 גרם),קבוצת אסם סחר שות. מוגבלת,יח`,,1,19.90,5.31
542,דגני קראנץ` נסטלה (500 גרם),קבוצת אסם סחר שות. מוגבלת,יח`,,1,25.90,5.18
543,פיטנס 375 גר` דגני בוקר,קבוצת אסם סחר שות. מוגבלת,יח`,,1,19.90,5.31
544,חרדל דיזון לחיץ 265 גר,דיפלומט היינץ,יח`,,1,12.90,4.87
545,בייבי טלק 200  גר`גונסונס,ש.שסטוביץ בעמ,יח`,,1,19.90,9.95
546,קרפרי מגה פק מגן תחתון אוורירי אלוורה 76,ש.שסטוביץ בעמ,יח`,,1,19.90,19.90
547,קרפרי מגה פק מגן תחתון אוורירי מבושם 76,ש.שסטוביץ בעמ,יח`,,1,19.90,19.90
548,קרפרי מגה פק מגן תחתון אווורירי 76 יח,ש.שסטוביץ בעמ,יח`,,1,19.90,19.90
549,ליסטרין טוטאל 500 מל,שקד תבל בעמ,יח`,,1,24.90,4.98
550,ליסטרין מי פה זירו 1 ליטר,שקד תבל בעמ,יח`,,1,36.90,36.90
551,תחליב רחצה עדין בנינוח חלב וניל 650 מל,שקד תבל בעמ,יח`,,1,18.90,2.91
552,תחליב רחצה עדין בניחוח חלב 650 מל לה פט,שקד תבל בעמ,יח`,,1,18.90,2.91
553,דזיטין קרם החתלה 100 מל,שקד תבל בעמ,יח`,,1,26.90,26.90
554,ליסטרין אדוונס וויט 500 מל.,שקד תבל בעמ,יח`,,1,24.90,4.98
555,ליסטרין תה ירוק 500 מל שטיפת פה,שקד תבל בעמ,יח`,,1,24.90,4.98
556,בייבי תחליב 500 מל גונסונס,ש.שסטוביץ בעמ,יח`,,1,27.90,5.58
557,תחליב רחצה עדין בניחוח קוקוס 650 מל לה,שקד תבל בעמ,יח`,,1,18.90,2.91
558,אל סבון לפני השינה 750 מל גונסון בייבי,ש.שסטוביץ בעמ,יח`,,1,21.90,21.90
559,קרם לחות ללילה לוריאל (50 מל),לוריאל ישראל קוסמטיקס בעמ,יח`,,1,49.90,99.80
560,אייג` ספשיאליסט קרם לילה 45+,לוריאל ישראל קוסמטיקס בעמ,יח`,,1,59.90,59.90
561,צבע לשיער קולור נטורלס שחור כחול 2.10,לוריאל ישראל קוסמטיקס בעמ,יח`,,1,21.90,21.90
562,בוטניקל ג`ל ניקוי ענבים 200 מל גרניה,לוריאל ישראל קוסמטיקס בעמ,יח`,,1,24.90,12.45
563,קרם גוף חמאת שיאה 400 מל גרנייה,לוריאל ישראל קוסמטיקס בעמ,יח`,,1,14.90,3.73
564,דאו רול פרוטקשן 6 כותנה גרנייה,לוריאל ישראל קוסמטיקס בעמ,יח`,,1,16.90,33.80
565,דאו רול פיור אקטיב גרנייה,לוריאל ישראל קוסמטיקס בעמ,יח`,,1,16.90,33.80
566,בוטניקל קרם לחות ורד 50 מל גרניה,לוריאל ישראל קוסמטיקס בעמ,יח`,,1,44.90,89.80
567,ג`ל רחצה 400 גר` אדידס ספורט אנרג`,דנשר (1963) בעמ,יח`,,1,13.90,3.48
568,נסטלה ליון פופ צ`וק 140ג,ליימן שליסל בעמ,יח`,,1,10.90,7.79
569,שמן קנולה 1 ליטר BROLIO,המותג-לא פעיל להקלדה,יח`,,1,5.90,0.59
570,שוקולד מריר 60% יעד ממתקים (100 גרם),יעד ממתקים בעמ,יח`,,1,4.90,4.90
571,שוקולד ריטר לבן אגוז 100 גר`,ליימן שליסל בעמ,יח`,,1,9.90,9.90
572,שוקולד ריטר חלבי צימוקים/אגוזים 100 גר`,ליימן שליסל בעמ,יח`,,1,9.90,9.90
573,שוקולד ריטר מרציפן 100 גר`,ליימן שליסל בעמ,יח`,,1,9.90,9.90
574,שוקולד ריטר פרלין 100 גר`,ליימן שליסל בעמ,יח`,,1,9.90,9.90
575,שוקולד ריטר חלבי עם שברי אגוזים 100 גר,ליימן שליסל בעמ,יח`,,1,9.90,9.90
576,שוקולד ריטר מריר אגוזים 100 גר,ליימן שליסל בעמ,יח`,,1,9.90,9.90
577,שוקולד ריטר מוס קקאו 100 גר`,ליימן שליסל בעמ,יח`,,1,9.90,9.90
578,קרולי פדים להסרת איפור 70 יח,א.מ. דיוויסלי בעמ,יח`,,1,5.90,5.90
579,סיליט באנג מסיר אבנית 750 מל,רקיט בנקיזר (ניר איסט) בעמ,יח`,,1,9.90,1.32
580,מסיר שומנים סיליט באנג (750 מל),רקיט בנקיזר (ניר איסט) בעמ,יח`,,1,9.90,1.32
581,קפה פילטר מליטה פרימיום 250 גר,דנשר (1963) בעמ,יח`,,1,17.50,7
582,נרות חימום פאלאס) (100,פאלאס תעשיות נטו (2014) בעמ,יח`,,1,19.90,0.20
583,ניוואה רילקס גל רחצה 750מל,אלפא- ב.ד.ף בעמ,יח`,,1,17.90,2.39
584,ג`ל רחצה לגבר פאוור ריפרש 500 מל,אלפא- ב.ד.ף בעמ,יח`,,1,14.90,2.98
585,פאוור רפרש 500,אלפא- ב.ד.ף בעמ,יח`,,1,14.90,2.98
586,ג`ל גילוח לעור רגיש ניוואה,אלפא- ב.ד.ף בעמ,יח`,,1,19.90,9.95
587,ניוואה דאודורנט רול און energy frsdh,אלפא- ב.ד.ף בעמ,יח`,,1,14.90,14.90
588,רול און בלק אנד ווייט לאישה,אלפא- ב.ד.ף בעמ,יח`,,1,14.90,14.90
589,ספריי בלק אנד ווייט לגבר,אלפא- ב.ד.ף בעמ,יח`,,1,14.90,14.90
590,דאודורנט ספריי לאישה ניאווה,אלפא- ב.ד.ף בעמ,יח`,,1,14.90,29.80
591,דאודורנט ספריי לאישה FLOWER- (0% Aluminu,אלפא- ב.ד.ף בעמ,יח`,,1,14.90,14.90
592,דאודורנט רול-און לגבר DEEP,אלפא- ב.ד.ף בעמ,יח`,,1,14.90,29.80
593,דאודורנט רול-און לאישה יבש,אלפא- ב.ד.ף בעמ,יח`,,1,14.90,14.90
594,דאודורנט רול-און לאישה פרש,אלפא- ב.ד.ף בעמ,יח`,,1,14.90,14.90
595,קינדר שוקולד הפי 102 גר`,פרימיום-חברה לדברי מתיקה ולמסח,יח`,,1,12.90,12.65
596,תה ירוק לימונית ולואיזה פומפדור) (20,ש.שסטוביץ בעמ,יח`,,1,19.90,66.33
597,תה פירות יער פומפדור) (20,ש.שסטוביץ בעמ,יח`,,1,15.90,26.50
598,חליטת צמחים ג`ינג`ר לימון פומפדור) (20,ש.שסטוביץ בעמ,יח`,,1,15.90,45.43
599,תה ירוק קלאסי פומפדור) (20,ש.שסטוביץ בעמ,יח`,,1,19.90,19.90
600,תה חליטת ג`יניג`ר כורכום,ש.שסטוביץ בעמ,יח`,,1,15.90,39.75
601,מסטיק אורביט מארז חמישייה,מרס ריגלי ישראל בעמ,יח`,,1,9.90,9.90
602,מסטיק אורביט מארז חמישייה,מרס ריגלי ישראל בעמ,יח`,,1,9.90,9.90
603,מסטיק אורביט בקבוקון פירות,מרס ריגלי ישראל בעמ,יח`,,1,10.90,10.90
604,מסטיק אורביט בקבוקון,מרס ריגלי ישראל בעמ,יח`,,1,10.90,10.90
605,הובה בובה טייפ טריפל מיקס,מרס ריגלי ישראל בעמ,יח`,,1,6.90,12.32
606,מסטיק אורביט בקבוקון פרופשיונל פפרמינט,מרס ריגלי ישראל בעמ,יח`,,1,10.90,10.90
607,בקבוקון איירוויבז מנטה אקליפטוס,מרס ריגלי ישראל בעמ,יח`,,1,10.90,10.90
608,בקבוקון איירוויבז אוכמניות,מרס ריגלי ישראל בעמ,יח`,,1,10.90,10.90
609,סוכריות פירות סקיטלס (174 גרם),מרס ריגלי ישראל בעמ,יח`,,1,8.90,5.11
610,מסטיק אורביט וויט הדרים 64 גר`,מרס ריגלי ישראל בעמ,יח`,,1,10.90,10.90
611,סקיטלס סוכריות חמוצים 174 גר,מרס ריגלי ישראל בעמ,יח`,,1,8.90,5.11
612,מסטיק אורביט בקבוקון אוכמניות,מרס ריגלי ישראל בעמ,יח`,,1,10.90,10.90
613,מסטיק אורביט בקבוקון באבל מינט,מרס ריגלי ישראל בעמ,יח`,,1,10.90,10.90
614,מסטיק אורביט בקבוק 60 יח,מרס ריגלי ישראל בעמ,יח`,,1,13,15.48
615,מסטיק אורביט בקבוק 60 יח,מרס ריגלי ישראל בעמ,יח`,,1,13,15.48
616,מסטיק אורביט בקבוק 60 יח,מרס ריגלי ישראל בעמ,יח`,,1,13,15.48
617,שקית אורביט ספירמינט 42 יח `,מרס ריגלי ישראל בעמ,יח`,,1,7.90,7.90
618,שקית אורביט פפרמינט 42 יח `,מרס ריגלי ישראל בעמ,יח`,,1,7.90,7.90
619,מסטיק אורביט בטעם בבלמינט 60 יח בקבוק,מרס ריגלי ישראל בעמ,יח`,,1,13,15.48
620,סקיטלס פירות בקבוק 125 גר,מרס ריגלי ישראל בעמ,יח`,,1,8.90,7.12
621,מסטיק אורביט תפוז בקבוקון,מרס ריגלי ישראל בעמ,יח`,,1,10.90,10.90
622,אורביט באריזת בקבוק 60 יח בטעם תות,מרס ריגלי ישראל בעמ,יח`,,1,13,13
623,בקבוקון איירוויבז מנטה חזקה אקליפטוס.,מרס ריגלי ישראל בעמ,יח`,,1,10,10
624,מסטיק בטעם אבטיח בוקס פייב (69 גרם),מרס ריגלי ישראל בעמ,יח`,,1,10.90,10.90
625,אורביט סוכריות מינטס מנטה בבקבוקון,מרס ריגלי ישראל בעמ,יח`,,1,10,10
626,מסטיק בטעם תות בוקס פייב (69 גרם),מרס ריגלי ישראל בעמ,יח`,,1,10.90,10.90
627,מסטיק אורביט וויט תות 64 גר`,מרס ריגלי ישראל בעמ,יח`,,1,10.90,10.90
628,מסטיק אורביט בקבוקון פרופשיונל ספירמינט,מרס ריגלי ישראל בעמ,יח`,,1,10.90,10.90
629,סוכריות סמודיס סקיטלס (174 גרם),מרס ריגלי ישראל בעמ,יח`,,1,8.90,5.11
630,סוכריות סמודיס סקיטלס (38 גרם),מרס ריגלי ישראל בעמ,יח`,,1,3,3
631,מרס חטיף שוקולד עם קרמל מארז 403 גרם,מרס ריגלי ישראל בעמ,יח`,,1,19.90,4.98
632,באונטי חטיף שוקולד קוקוס מארז 403 גרם,מרס ריגלי ישראל בעמ,יח`,,1,19.90,4.94
633,חטיף קורני שישייה שוקולדה,דנשר (1963) בעמ,יח`,,1,11.90,7.93
634,חטיף קורני שישייה אוגזים,דנשר (1963) בעמ,יח`,,1,11.90,7.93
635,חטיף קורני שישייה שוקולד חלבי ובננה,דנשר (1963) בעמ,יח`,,1,11.90,7.93
636,חטיף קורני שישייה שוקולד חלבי וקוקוס,דנשר (1963) בעמ,יח`,,1,11.90,7.93
637,חטיף קורני שישייה שוקולד מריר,דנשר (1963) בעמ,יח`,,1,11.90,7.93
638,חטיף קורני שישייה שוקולד לבן,דנשר (1963) בעמ,יח`,,1,11.90,7.93
639,מרסי 400 גר`,ליימן שליסל בעמ,יח`,,1,50.90,12.73
640,טופיפי 250 גר`,ליימן שליסל בעמ,יח`,,1,24.90,9.96
641,סוכריות חמאה וורטרס אורגינל (135 גרם),ליימן שליסל בעמ,יח`,,1,8.90,6.59
642,וורטר שקית חמאה ללא סוכר 80 גר`,ליימן שליסל בעמ,יח`,,1,8.90,11.13
643,חטיפי שוקולד טופיפי (125 גרם),ליימן שליסל בעמ,יח`,,1,12.90,10.32
644,ספטיל 200 מל מסיר כתמים,גורי שיווק בעמ,יח`,,1,15.90,7.95
645,טמפונים פרל רגולר טמפקס) (20,דיפלומט מפיצים (1968) בעמ,יח`,,1,29.90,29.90
646,מגן תחתון אולווייז מגה פק לונג פלוס 58 י,דיפלומט מפיצים (1968) בעמ,יח`,,1,26.90,26.90
647,אולוויז קוואטרו נורמל פלוס 56 יח`,דיפלומט מפיצים (1968) בעמ,יח`,,1,39.90,39.90
648,אולוויז קוואטרו לונג פלוס 48 יח`,דיפלומט מפיצים (1968) בעמ,יח`,,1,39.90,39.90
649,תחבושות לילה בטוח אולווייז (18),דיפלומט מפיצים (1968) בעמ,יח`,,1,19.90,19.90
650,טמפקס קומפאק פרל סופר 18 יח,דיפלומט מפיצים (1968) בעמ,יח`,,1,21.90,21.90
651,תחבושות לילה וליו פק אולווייז (20),דיפלומט מפיצים (1968) בעמ,יח`,,1,19.90,19.90
652,מגן תחתון אולווייז מגה פק נורמל 80 יח`,דיפלומט מפיצים (1968) בעמ,יח`,,1,26.90,26.90
653,תחבושות אולטרה לונג פלוס אולווייז (24),דיפלומט מפיצים (1968) בעמ,יח`,,1,19.90,19.90
654,אבקת כביסה אריאל קולור 8 קג,דיפלומט מפיצים (1968) בעמ,יח`,,1,54.90,6.86
655,הד אנד שולדרס שמפו 500 מל כחול,דיפלומט מפיצים (1968) בעמ,יח`,,1,20.90,4.18
656,הד אנד שולדרס שמפו 500 מל,דיפלומט מפיצים (1968) בעמ,יח`,,1,20.90,4.18
657,הד אנד שולדרס שמפו 500 מל נענע,דיפלומט מפיצים (1968) בעמ,יח`,,1,20.90,4.18
658,דאודורנט פאוור בידס 75 מל לגבר,דיפלומט מפיצים (1968) בעמ,יח`,,1,26.90,35.87
659,דאודורנט פאוור בידס 75 מל לגבר,דיפלומט מפיצים (1968) בעמ,יח`,,1,26.90,35.87
660,גלילי וופל במילוי קרם שוקולוד 75  גר`בלז,ליימן שליסל בעמ,יח`,,1,9.90,13.20
661,היט עוגיות וניל באלזן (220 גרם),ליימן שליסל בעמ,יח`,,1,9.90,4.50
662,גליליות וופל חלב וופלטן (100 גרם),ליימן שליסל בעמ,יח`,,1,12.90,12.90
663,היט עוגיות סנדוויץ` שוקו באלזן (220 גרם),ליימן שליסל בעמ,יח`,,1,9.90,4.50
664,ליבניץ אנד קרים 190 גר,ליימן שליסל בעמ,יח`,,1,12.90,6.79
665,ליבניץ עוגיות מיני שוקו באלזן (100 גרם),ליימן שליסל בעמ,יח`,,1,7.90,7.90
666,בלו ווין גוורצטאמניר כשר,היכל היין שקד גולן בעמ,יח`,,1,49.90,6.61
667,בלו ווין רוזה כשר,היכל היין שקד גולן בעמ,יח`,,1,49.90,6.61
668,שוקולד חלב עם אגוזים מילקה (100 גרם),דיפלומט היינץ,יח`,,1,5.90,5.90
669,נייר פילטר מס 4,דנשר (1963) בעמ,יח`,,1,11.90,11.90
670,ענבים שחור מידנייט ארוז,מהדרין תנופורט יצוא ( ש.מ.),יח`,,1,12.90,12.90
671,ויט קרם הסרת שיער,רקיט בנקיזר (ניר איסט) בעמ,יח`,,1,24.90,24.90
672,פאולנר 500 מל,טמפו משקאות בעמ,יח`,,1,10.90,2.12
673,בירה פרנסיסקאנר כהה בקבוק 500 מל,הכרם - משקאות חריפים בעמ,יח`,,1,10.90,2.12
674,בירה פרנסיסקאנר בהיר בקבוק 500 מל,הכרם - משקאות חריפים בעמ,יח`,,1,10.90,2.12
675,בירה פרנסיסקאנר בהירה בקבוק 500 מל,הכרם - משקאות חריפים בעמ,יח`,,1,11.90,2.32
676,בירה חיטה 5.3% אלכוהול שישייה בקבוקים 33,אבאל יזמות בעמ,יח`,,1,34.90,16.72
677,בירה פילסנר 4.9% שישייה בקבוק 330 מל,אבאל יזמות בעמ,יח`,,1,29.90,14.19
678,בירה וולטרס (500 מל),אבאל יזמות בעמ,יח`,,1,5.90,1.12
679,נוזל לניקוי כלים לימון פיירי (650 מל),דיפלומט מפיצים (1968) בעמ,יח`,,1,11.90,1.83
680,טייד ג`ל 4 ליטר,דיפלומט מפיצים (1968) בעמ,יח`,,1,44.90,11.23
681,נוזל כלים פלטינום לימון פיירי (515 מל),דיפלומט מפיצים (1968) בעמ,יח`,,1,11.90,2.31
682,פיירי ורדים ומשי 515 מל,דיפלומט מפיצים (1968) בעמ,יח`,,1,11.90,2.31
683,פיירי אלוורה ומלפפונים 515 מל,דיפלומט מפיצים (1968) בעמ,יח`,,1,11.90,2.31
684,נוזל לניקוי כלים לימון פיירי (1.24 ליטר),דיפלומט מפיצים (1968) בעמ,יח`,,1,17.90,14.44
685,נוזל כלים אורגינל פיירי (1.24 ליטר),דיפלומט מפיצים (1968) בעמ,יח`,,1,17.90,14.44
686,בירה בק`ס (275x6 מל),הכרם - משקאות חריפים בעמ,יח`,,1,34.90,2.01
687,אורל בי מברשת חשמלית נטענת קארס D12,דיפלומט מפיצים (1968) בעמ,יח`,,1,99.90,99.90
688,אורל בי מברשת חשמלית נטענת,דיפלומט מפיצים (1968) בעמ,יח`,,1,99.90,99.90
689,אורל בי ראש חשמלי פלוס אקשן 2 יח`,דיפלומט מפיצים (1968) בעמ,יח`,,1,54.90,54.90
690,וודקה סטוליצ`יניה (700 מל),הכרם - משקאות חריפים בעמ,יח`,,1,79.90,11.37
691,וודקה רוסקי יורוסטנדרט (700 מל),יורוסטנדרט בעמ,יח`,,1,59.90,8.51
692,כוסמת כפרי וביתי (900 גרם),יורוסטנדרט בעמ,יח`,,1,11.90,1.32
693,פיניש קאונטום רגיל 54 טבליות,רקיט בנקיזר (ניר איסט) בעמ,יח`,,1,54.90,54.90
694,פיניש קאונטום לימון 54 טבליות,רקיט בנקיזר (ניר איסט) בעמ,יח`,,1,54.90,54.90
695,מאסטר קפה 250 מל לאטה,טמפו משקאות בעמ,יח`,,1,6.60,2.64
696,משקה בטעם טירמיסו מאסטר קפה (240 מל),טמפו משקאות בעמ,יח`,,1,6.60,2.64
697,מאסטר קפה 250 מל ונילה,טמפו משקאות בעמ,יח`,,1,6.60,2.64
698,מיץ רימונים 100% טבעי אורגני 750 מל,אימפורט פור יו בעמ,יח`,,1,21.90,2.88
699,חלב מרוכז ממותק כפרי וביתי (400 גרם),יורוסטנדרט בעמ,יח`,,1,7.10,1.78
700,דאודורנט רול און מלפפונים דאב (50 מל),יוניליוור ישראל שיווק בעמ,יח`,,1,14.90,29.80
701,דאודורנט רול און טלק סופט דאב (50 מל),יוניליוור ישראל שיווק בעמ,יח`,,1,14.90,29.80
702,דאודורנט סטיק טלק סופט דאב (50 גרם),יוניליוור ישראל שיווק בעמ,יח`,,1,14.90,29.80
703,רוטב סויה יאמסה פרימיום 500 מל`,ליימן שליסל בעמ,יח`,,1,17.90,3.58
704,קלוגס ווראייטי 191 גר`,דיפלומט היינץ,יח`,,1,22.90,11.99
705,וינדולין 750 מל,רקיט בנקיזר (ניר איסט) בעמ,יח`,,1,7.90,1.05
706,סוכריות פירות סקיטלס (38 גרם),מרס ריגלי ישראל בעמ,יח`,,1,3,7.89
707,סוכריות ג`לי חמוצות סקיטלס (38 גרם),מרס ריגלי ישראל בעמ,יח`,,1,3,3
708,מיקס חטיפי מיני מארז 400 גרם,מרס ריגלי ישראל בעמ,יח`,,1,19.90,4.98
709,באונטי חטיף שוקולד מארז 4+1,מרס ריגלי ישראל בעמ,יח`,,1,10,5
710,חטיף אצבעות קרמל ושוקולד טוויקס (50 גרם),מרס ריגלי ישראל בעמ,יח`,,1,3.90,6.84
711,סניקרס חטיף שוקולד עם בוטנים 50 גרם,מרס ריגלי ישראל בעמ,יח`,,1,3.90,6.84
712,טוויקס חטיף שוקולד מארז 4+1,מרס ריגלי ישראל בעמ,יח`,,1,10,10
713,מארז מארס חמישיות,מרס ריגלי ישראל בעמ,יח`,,1,10,10
714,סניקרס חטיף שוקולד עם בוטנים מארז 4+1,מרס ריגלי ישראל בעמ,יח`,,1,10,5
715,חטיף טויקס ולבן,מרס ריגלי ישראל בעמ,יח`,,1,3.90,8.48
716,שוקולד מריר מעולה 72% מוצקי קקאו 90 גר`,תה ויסוצקי (ישראל) בעמ,יח`,,1,14.90,16.56
717,משחת נעליים חומה קיווי,דנשר (1963) בעמ,יח`,,1,6.90,15.68
718,פאל מאל כחול ארוך סטרים פילטר פאקט,גלוברנדס בעמ - שיווק סיגריות,יח`,,1,275,275
719,אולטרה פאוור רביעיות מלחמת הכוכבים AAA,דיפלומט מפיצים (1968) בעמ,יח`,,1,19.90,19.90
720,מקוויטיס ביסקוויט מצופה שוקולד חלב 200 ג,תה ויסוצקי (ישראל) בעמ,יח`,,1,10.90,5.45
721,מקוויטיס ביסקוויט קלאסי 250 גר`,תה ויסוצקי (ישראל) בעמ,יח`,,1,9.90,3.96
722,ניבלס דאבל 80 גר` מקוויטיס,תה ויסוצקי (ישראל) בעמ,יח`,,1,5.90,7.38
723,דגני בוקר וויטביקס 430 גר`,ר.ב מוצרי דגנים בעמ,יח`,,1,24.90,5.79
724,ג`ל לאסלה שדות ירוקים טואלט דאק (55 מל),דנשר (1963) בעמ,יח`,,1,12.90,23.45
725,דאק נוזל בודד 750 מל כתום,דנשר (1963) בעמ,יח`,,1,10.90,1.45
726,טואלט דאק ג`ל לאסלה,דנשר (1963) בעמ,יח`,,1,12.90,23.45
727,דאק נוזל בודד 750 מל כחול,דנשר (1963) בעמ,יח`,,1,10.90,1.45
728,דאק נוזל בודד 750מל ירוק,דנשר (1963) בעמ,יח`,,1,10.90,1.45
729,וויסקי גרנטס (700 מל),הכרם - משקאות חריפים בעמ,יח`,,1,100,13.29
730,גלנפידיך ויסקי סינגל מאלט 12 שנה,הכרם - משקאות חריפים בעמ,יח`,,1,139.90,19.94
731,בריזר בקרדי תות (275 מל),טמפו משקאות בעמ,יח`,,1,14,4.98
732,בריזר לימון בבקבוק בקרדי (275 מל),טמפו משקאות בעמ,יח`,,1,14,4.98
733,בריזר אננס בקרדי (275 מל),טמפו משקאות בעמ,יח`,,1,14,4.98
734,בריזר אבטיח בבקבוק בקרדי (275 מל),טמפו משקאות בעמ,יח`,,1,14,4.98
735,וודקה גריי גוס 700מל,מ. אקרמן בעמ,יח`,,1,121.90,17.37
736,וויסקי בארקליז (700 מל),יורוסטנדרט בעמ,יח`,,1,69.90,9.94
737,וויסקי ג`יימסון (700 מל),טמפו פרנו,יח`,,1,99,14.10
738,אירוויק נטול גז,רקיט בנקיזר (ניר איסט) בעמ,יח`,,1,12.90,3.74
739,אירוויק פיור בהתזה יבשה וניל,רקיט בנקיזר (ניר איסט) בעמ,יח`,,1,14.90,14.90
740,מדבקות להוצאת שחורים מאף 6 יח,פארמה דיל (פ.א.ב.) שיווק והפצה,יח`,,1,14.90,14.90
741,ידית הפלא לשטיפת כלים דיש מטיק,מ.א.ייצור ויבוא מטליות בעמ,יח`,,1,19.90,19.90
742,מעדן סנט דלפור מנגו ופסיפלורה,נטו מלינדה סחר בעמ,יח`,,1,18.90,6.65
743,מעדן סנט דלפור משמש,נטו מלינדה סחר בעמ,יח`,,1,18.90,6.65
744,מעדן סנט דלפור דובדבן שחור,נטו מלינדה סחר בעמ,יח`,,1,18.90,6.65
745,מעדן סנט דלפור אוכמניות,נטו מלינדה סחר בעמ,יח`,,1,18.90,6.65
746,מעדן סנט דלפור פירות,נטו מלינדה סחר בעמ,יח`,,1,18.90,6.65
747,מעדן סנט דלפור אפרסק,נטו מלינדה סחר בעמ,יח`,,1,18.90,6.65
748,מעדן סנט דלפור תות שדה,נטו מלינדה סחר בעמ,יח`,,1,18.90,6.65
749,מעדן סנט דלפור תפוז ג`ינגי`ר 284 גר`,נטו מלינדה סחר בעמ,יח`,,1,18.90,6.65
750,מעדן סנט דלפור חמוציות ואוכמניות,נטו מלינדה סחר בעמ,יח`,,1,18.90,6.65
751,מעדן סנט דלפור רימון פטל 284 גר`,נטו מלינדה סחר בעמ,יח`,,1,18.90,6.65
752,ויסקי היילנד צ`ף 700 מל,יורוסטנדרט בעמ,יח`,,1,69.90,9.94
753,נייר טואלט קליניקס 9 לבן,קימברלי קלארק ישראל שיווק בעמ,יח`,,1,29.90,2.53
754,נייר טואלט קליניקס 9 צהוב,קימברלי קלארק ישראל שיווק בעמ,יח`,,1,29.90,2.53
755,ממחטות קולקשן בקוביה עם דמויות של דיסני,קימברלי קלארק ישראל שיווק בעמ,יח`,,1,6.50,6.50
756,תחבושות עם כנפיים ללילה קוטקס (20),קימברלי קלארק ישראל שיווק בעמ,יח`,,1,19.90,19.90
757,טמפונים נורמל עם מוליך קוטקס) (16,קימברלי קלארק ישראל שיווק בעמ,יח`,,1,19.90,19.90
758,האגיס ליטל סווימרס L,קימברלי קלארק ישראל שיווק בעמ,יח`,,1,37.90,37.90
759,האגיס פול אפס לילה בנים,קימברלי קלארק ישראל שיווק בעמ,יח`,,1,32.90,32.90
760,מגבוני האגיס לרך הנולד רביעייה,קימברלי קלארק ישראל שיווק בעמ,יח`,,1,29.90,29.90
761,קורנפלקס קלוגס ספיישל k פירות אדומים 29,דיפלומט היינץ,יח`,,1,22.90,7.90
762,משקה אנר`גי רוזי פח 500 מל מונסטר,החברה המרכזית להפצת משקאות בעמ,יח`,,1,5.90,5.90
763,גליליות וופלים 400 גרם וניל גולדן ברייק,דיפלומט היינץ,יח`,,1,16.90,4.23
764,ויט ארומטיק שעווה לפנים,רקיט בנקיזר (ניר איסט) בעמ,יח`,,1,24.90,24.90
765,קרואסון במילוי שוקולד,אבאל יזמות בעמ,יח`,,1,4.90,7.54
766,מארז רולדות אישיות במילוי וניל,אבאל יזמות בעמ,יח`,,1,10.90,10.90
767,עוגת ספוג מצופה קקאו סבן דייז (32x8 גרם),אבאל יזמות בעמ,יח`,,1,11.90,11.90
768,זיתים שחורים קלמנטה בפח,ג.וילי-פוד אינטרנשיונל בעמ,יח`,,1,14.90,3.28
769,צהובה טבעונית אוריגינל 400  גר`ליב,ל.י.ב. (לחיות יותר בטבע) בעמ,יח`,,1,27.90,6.98
770,צהובה טבעונית עגבניות בזיליקום,ל.י.ב. (לחיות יותר בטבע) בעמ,יח`,,1,22.90,22.90
771,צהובה טבעונית עם עשבי תיבול,ל.י.ב. (לחיות יותר בטבע) בעמ,יח`,,1,22.90,22.90
772,צהובה טבעונית אורגינל,ל.י.ב. (לחיות יותר בטבע) בעמ,יח`,,1,22.90,22.90
773,אוזו מטקסה 700 מל,הכרם - משקאות חריפים בעמ,יח`,,1,79,11.24
774,סימילאק גולד שלב 1 700 גר`,שקד תבל בעמ,יח`,,1,84.90,12.13
775,סימילאק גולד שלב 2 700 גר`,שקד תבל בעמ,יח`,,1,84.90,12.13
776,סימילאק גולד שלב 3 700 גר`,שקד תבל בעמ,יח`,,1,84.90,12.13
777,סימילאק אדוונס פלוס שלב 3 700 גר,שקד תבל בעמ,יח`,,1,69.90,9.99
778,סימילאק אדוונס פלוס שלב 2 700 גר,שקד תבל בעמ,יח`,,1,69.90,9.99
779,טייד קולור 5 קג,דיפלומט מפיצים (1968) בעמ,יח`,,1,49.90,1
780,ביסקוויט בטעם קרמל לוטוס (700 גרם),דיפלומט היינץ,יח`,,1,27.90,3.99
781,לוטוס קרמל 124 גר`,דיפלומט היינץ,יח`,,1,5.90,4.76
782,ממרח ביסקוויט קרמל לוטוס (400 גרם),דיפלומט היינץ,יח`,,1,21.90,5.48
783,עוגיות לוטוס 2*18 279 גר`,דיפלומט היינץ,יח`,,1,12.90,4.62
784,ביסקוויט בטעם קרמל לוטוס (250 גרם),דיפלומט היינץ,יח`,,1,11.90,4.76
785,ממרח עוגיות לוטוס קראנץ` 380 גר`,דיפלומט היינץ,יח`,,1,22.90,6.03
786,בירה לף בראון (330 מל),החברה המרכזית להפצת משקאות בעמ,יח`,,1,8.90,8.90
787,לף בלונד 330 מל,החברה המרכזית להפצת משקאות בעמ,יח`,,1,8.90,2.61
788,בירה באדוויזר שישייה בקבוק 330 מל,הכרם - משקאות חריפים בעמ,יח`,,1,34.90,1.67
789,ממרח אגוזי לוז עם קקאו צ`וקטה (700 גרם),ליימן שליסל בעמ,יח`,,1,17.90,2.56
790,ממרח אגוזי לוז עם קקאו צ`וקטה (350 גרם),ליימן שליסל בעמ,יח`,,1,10.90,3.11
791,ממרח צ`וקטה 350  גר`פרווה,ליימן שליסל בעמ,יח`,,1,10.90,3.11
792,וודקה סמירנוף אדום (700 מל),החברה המרכזית להפצת משקאות-אלכ,יח`,,1,54.90,7.80
793,בקבוק לה שוף 330 מל,הכרם - משקאות חריפים בעמ,יח`,,1,14.90,4.42
794,בירה מק שוף 330 מל בקבוק,הכרם - משקאות חריפים בעמ,יח`,,1,14.90,4.42
795,בקבוק צ`רי שוף 8% 330 מל,הכרם - משקאות חריפים בעמ,יח`,,1,14.90,4.42
796,בירה אפליכם בלונד 300 מל.,טמפו משקאות בעמ,יח`,,1,8.90,2.87
797,משקה סויה אלפרו אורגני אלפרו (1 ליטר),ש.שסטוביץ בעמ,יח`,,1,14.90,1.49
798,אלפרו סויה וניל 1 ליטר,ש.שסטוביץ בעמ,יח`,,1,14.90,1.49
799,אלפרו מעדן סויה בטעם שוקו מריר רביעייה,ש.שסטוביץ בעמ,יח`,,1,16.90,3.38
800,אלפרו סויה לייט בטעם טבעי 1 ליטר,ש.שסטוביץ בעמ,יח`,,1,14.90,1.49
801,משקה על בסיס אורז אלפרו (1 ליטר),ש.שסטוביץ בעמ,יח`,,1,13.90,1390
802,אלפרו משקה שקדים בטעם שוקולד מריר 1 ליט,ש.שסטוביץ בעמ,יח`,,1,13.90,1.39
803,משקה קוקוס אלפרו (1 ליטר),ש.שסטוביץ בעמ,יח`,,1,13.90,1390
804,משקה קוקוס ושקדים אלפרו (1 ליטר),ש.שסטוביץ בעמ,יח`,,1,13.90,1.39
805,משקה שקדים בטעם וניל אלפרו (1 ליטר),ש.שסטוביץ בעמ,יח`,,1,13.90,1.39
806,אלפרו משקה שקדים 250 מל,ש.שסטוביץ בעמ,יח`,,1,5.90,2.36
807,אלפרו משקה שקדים לא קלויים ללא תוספת סוכ,ש.שסטוביץ בעמ,יח`,,1,13.90,13.90
808,אלפרו משקה קשיו 1 ליטר,ש.שסטוביץ בעמ,יח`,,1,13.90,13.90
809,משקה שיבולת שועל שקדים 1 ליטר אלפרו,ש.שסטוביץ בעמ,יח`,,1,13.90,1390
810,משקה שקדים אורגני 1 ליטר אלפרו,ש.שסטוביץ בעמ,יח`,,1,13.90,1.39
811,משקה סויה בטעם שוקו אלפרו (1 ליטר),ש.שסטוביץ בעמ,יח`,,1,14.90,1.49
812,משקה סויה אורגני ללא סוכר 1 ליטר אלפרו,ש.שסטוביץ בעמ,יח`,,1,14.90,1490
813,בירה דובדבן לינדמנס קריק (250 מל),הכרם - משקאות חריפים בעמ,יח`,,1,13.90,5.44
814,בירה דובל 7% 330 מל,הכרם - משקאות חריפים בעמ,יח`,,1,14.90,4.42
815,בירה טריפל מרדסו (330 מל),הכרם - משקאות חריפים בעמ,יח`,,1,14.90,4.42
816,בירה פירות לייפמנס (250 מל),הכרם - משקאות חריפים בעמ,יח`,,1,13.90,5.44
817,אריאל 5 קג` קולור,דיפלומט מפיצים (1968) בעמ,יח`,,1,44.90,0.90
818,אריאל 5 קג` שושן צחור,דיפלומט מפיצים (1968) בעמ,יח`,,1,44.90,0.90
819,שוקובון קינדר (125 גרם),פרימיום-חברה לדברי מתיקה ולמסח,יח`,,1,12.90,10.32
820,קינדר שוקובון 200 גר`,פרימיום-חברה לדברי מתיקה ולמסח,יח`,,1,14.90,7.45
821,מרבה גודיס שוקולד מריר,ש.שסטוביץ בעמ,יח`,,1,7.90,5.27
822,משקה גוארנה אנטרטיקה פחית 330 מל,טמפו משקאות בעמ,יח`,,1,6,1.73
823,הוט פופ חמאה 600 גר`,ליימן שליסל בעמ,יח`,,1,15.90,2.65
824,הוט פופ לייט 600גר`,ליימן שליסל בעמ,יח`,,1,15.90,2.65
825,הוט פופ 600 גר`,ליימן שליסל בעמ,יח`,,1,15.90,2.65
826,גבינת שמנת עשבי טבעי 200 גר` ארלה,שטראוס גרופ בעמ/מצונן,יח`,,1,14.90,7.45
827,ממרח לורפק ללא מלח 250 גר`,שטראוס גרופ בעמ/מצונן,יח`,,1,16.90,6.76
828,ממרח לורפק עם מלח 500 גר`,שטראוס גרופ בעמ/מצונן,יח`,,1,27.90,5.58
829,ממרח לורפק עם מלח 500 גר`,שטראוס גרופ בעמ/מצונן,יח`,,1,27.90,5.58
830,ממרח לורפק ללא מלח מופחת שומן 250 גר`,שטראוס גרופ בעמ/מצונן,יח`,,1,16.90,6.76
831,נסקוויק 500 גר` דגני בוקר,קבוצת אסם סחר שות. מוגבלת,יח`,,1,26.90,5.38
832,פיטנס חטיפי דגנים קרם עוגיות,קבוצת אסם סחר שות. מוגבלת,יח`,,1,15.90,11.28
833,מארז קראנץ בר שוקו וניל שישייה,קבוצת אסם סחר שות. מוגבלת,יח`,,1,16.90,11.27
834,פיטנס חטיף דגנים קרמל נסטלה (23.5x6 גרם),קבוצת אסם סחר שות. מוגבלת,יח`,,1,15.90,11.28
835,מארז סיני מיניס חטיף דגנים,קבוצת אסם סחר שות. מוגבלת,יח`,,1,16.90,11.27
836,פיטנס בר דליס שוקולד אגוז,קבוצת אסם סחר שות. מוגבלת,יח`,,1,15.90,11.78
837,פיטנס בר דליס שוקולד לבן,קבוצת אסם סחר שות. מוגבלת,יח`,,1,15.90,11.78
838,האני נאט צ`יריוס עידן הקרח 625 גרם,קבוצת אסם סחר שות. מוגבלת,יח`,,1,26.90,4.30
839,חטיף דגנים משמש אפרסק מארז 6,קבוצת אסם סחר שות. מוגבלת,יח`,,1,16.90,71.91
840,פיטנס חטיף דגנים שוקו בננה נסטלה (23.5x6,קבוצת אסם סחר שות. מוגבלת,יח`,,1,15.90,11.28
841,קראנץ צדפים בטעם שוקולד 450 גר`,קבוצת אסם סחר שות. מוגבלת,יח`,,1,26.90,5.98
842,וופל בלגי וניל 130  גר`יעד ממתקים,יעד ממתקים בעמ,יח`,,1,3.90,3
843,בירה ואן פור פילזגר 500 מל,בני פאוזי שמשום (2009) בעמ,יח`,,1,3.90,0.72
844,פיניש 50 טבליות AIO MAX,רקיט בנקיזר (ניר איסט) בעמ,יח`,,1,39.90,39.90
845,ביסקוויט חמאה גן חיות באלזן (100 גרם),ליימן שליסל בעמ,יח`,,1,6.90,6.90
846,xl ten פחית 250 מל,טמפו משקאות בעמ,יח`,,1,4.50,1.68
847,גליל דבק דו צדדי ספוג שקוף,א.מ. דיוויסלי בעמ,יח`,,1,25.90,25.90
848,משקה אנרגיה בפחית בלו (250 מל),בני פאוזי שמשום (2009) בעמ,יח`,,1,3.50,1.28
849,משקה בלו ארגז. 24 יח`,בני פאוזי שמשום (2009) בעמ,יח`,,1,49.90,7.12
850,משקה אנרגיה אקסל (250 מל),טמפו משקאות בעמ,יח`,,1,4.50,1.68
851,אקס אל משקה אנרגיה חמוציות,טמפו משקאות בעמ,יח`,,1,4.50,1.68
852,טבלת היידי גראנדור מריר אגוז 100 גר,טסה שוקולד בעמ,יח`,,1,9.50,9.50
853,טבלת היידי גראנדור 85% 80 גר,טסה שוקולד בעמ,יח`,,1,9.50,11.88
854,טבלת היידי גראנדור פלורנטין מריר 100 גר`,טסה שוקולד בעמ,יח`,,1,9.50,9.50
855,משקה אנרגיה 250 מל HELL,אבאל יזמות בעמ,יח`,,1,3.90,3.90
856,פאל מאל כחול סטרים פילטר,גלוברנדס בעמ - שיווק סיגריות,יח`,,1,27.50,27.50
857,פאל מאל כחול ארוך סטרים פילטר חפיסה,גלוברנדס בעמ - שיווק סיגריות,יח`,,1,27.50,27.50
858,קוסקוס להכנה מהירה בינוני דארי (1.1 קג),תומר יבוא ושיווק מוצרי מזון (1,יח`,,1,14.90,14.90
859,סרדינים מרוקאים בשמן סויה אגדיר,דין שיווק וקליה בעמ,יח`,,1,3.90,3.12
860,פרוסטי תות שדה מוקפא,נ.ת.נ.ג.ב החזקות יעוץ וניהול ב,יח`,,1,9.90,2.48
861,פריכיות שיפון דקות פין קריספ (200 גרם),דנשר (1963) בעמ,יח`,,1,10,5
862,גורדן מברשת שיניים לילדים 0-2 סטפ 1,דנשר (1963) בעמ,יח`,,1,10.90,10.90
863,גורדן מברשת שיניים לילדים 3-5 סטפ 2,דנשר (1963) בעמ,יח`,,1,10.90,10.90
864,גורדן מברשת שיניים לילדים 6-8 סטפ 3,דנשר (1963) בעמ,יח`,,1,10.90,10.90
865,מברשת שיניים ג`ורדן טוטאל רביעייה,דנשר (1963) בעמ,יח`,,1,19.90,19.90
866,מברשת שיניים ג`ורדן טוטאל רביעייה,דנשר (1963) בעמ,יח`,,1,19.90,19.90
867,מברשת שיניים טרגט סנסיטיב,דנשר (1963) בעמ,יח`,,1,19.90,19.90
868,ג`ורדן מארז מברשת שיניים אינדיבידואל זוג,דנשר (1963) בעמ,יח`,,1,24,24
869,מברשת שיניים קליין סמייל שלישייה סופט ג`,דנשר (1963) בעמ,יח`,,1,12.90,12.90
870,משחת שיניים לילדים לשיני חלב 2-6 ג`ורדון,דנשר (1963) בעמ,יח`,,1,11.90,11.90
871,משחת שיניים לשיניים קבועות 6-12 ג`ורדן,דנשר (1963) בעמ,יח`,,1,11.90,11.90
872,ארוחת אטריות עם גבינה 156  גר`וויקי מאק,מור-ים מרקטינג בעמ,יח`,,1,10.90,6.99
873,פטריות שמפיניון א.א,חוות השמפיניון בעמ,יח`,,1,9.90,9.90
874,כוסברה,ערן שיווק,יח`,,1,5,5
875,ברנדי 84 שטוק (750 מל),טמפו משקאות בעמ,יח`,,1,69.90,9.28
876,ערק אשקלון (700 מל),טמפו משקאות בעמ,יח`,,1,49.90,7.09
877,ליקר אמרטו שטוק,טמפו משקאות בעמ,יח`,,1,54.90,7.28
878,ליקר שטוק שרי ברנדו,טמפו משקאות בעמ,יח`,,1,54.90,7.28
879,ליקר שטוקבננה,טמפו משקאות בעמ,יח`,,1,54.90,7.28
880,ליקר שטוק טריפל סק,טמפו משקאות בעמ,יח`,,1,54.90,7.28
881,קלאסיק קברנה סובניון יקבי ברקן (750 מל),טמפו משקאות בעמ,יח`,,1,26.90,3.55
882,קלאסיק אמרלד ריזלינג יקבי ברקן (750 מל),טמפו משקאות בעמ,יח`,,1,26.90,3.55
883,קלאסיק קברנה בלאש,טמפו משקאות בעמ,יח`,,1,26.90,3.55
884,קלאסיק מרלו יקבי ברקן (750 מל),טמפו משקאות בעמ,יח`,,1,26.90,3.55
885,רזרב קברנה סובניון יקבי ברקן (750 מל),טמפו משקאות בעמ,יח`,,1,49.90,6.61
886,רזרב מרלו יקבי ברקן (750 מל),טמפו משקאות בעמ,יח`,,1,49.90,6.61
887,יין גליה מתוק 187 מל,טמפו משקאות בעמ,יח`,,1,5.90,2.99
888,יופלה דובדבן 3%,תנובה - חלב,יח`,,1,4.90,3.27
889,יוגורט ביו 3% אפרסק יופלה (150 גרם),תנובה - חלב,יח`,,1,4.90,3.27
890,גבינת קממבר 24% עין גדי תנובה (125 גרם),תנובה - חלב,יח`,,1,19.50,15.60
891,גבינת עדי ברי 24%  קולאז`תנובה (125 גרם),תנובה - חלב,יח`,,1,18.90,15.12
892,גבינת טוסטי,תנובה - חלב,יח`,,1,18.90,9.45
893,חלב 2% דל לקטוז בקרטון תנובה (1 ליטר),תנובה - חלב,יח`,,1,6.90,6.90
894,גיל 125 גרם,תנובה - חלב,יח`,,1,0.90,0.72
895,קוטג` 250 5%,תנובה - חלב,יח`,,1,5.50,2.20
896,שמנת חמוצה 15% יטבתה (200 מל),שטראוס גרופ בעמ/מצונן,יח`,,1,2.50,1.25
897,לבן 3%,שטראוס גרופ בעמ/מצונן,יח`,,1,2.10,1.05
898,חלב 3% בשקית תנובה (1 ליטר) פיקוח,תנובה - חלב,יח`,,1,5.17,0.52
899,חלב 3% תנובה (2 ליטר) פיקו,תנובה - חלב,יח`,,1,11.88,5.94
900,חלב דל שומן 1% בקרטון תנובה (1  ליטר)פיק,תנובה - חלב,יח`,,1,5.59,0.56
901,חלב 3% בקרטון תנובה (1  ליטר)פיקוח,תנובה - חלב,יח`,,1,5.94,0.59
902,חלב עמיד הומוגני 3% תנובה (1 ליטר),תנובה - חלב,יח`,,1,6.90,6.90
903,חלב עמיד 3% תנובה (250 מל),תנובה - חלב,יח`,,1,2.60,1.04
904,שוקו שקית,שטראוס גרופ בעמ/מצונן,יח`,,1,2.50,1.11
905,השף הלבן שמנת עמיד 38% קר 250,תנובה - חלב,יח`,,1,6.18,2.47
906,רויון 1.5% תנובה (1 ליטר),תנובה - חלב,יח`,,1,11.50,11.50
907,יוגורט בטעם אננס 1.5% פרילי (500 מל),תנובה - חלב,יח`,,1,10.90,2.18
908,גבינת נעמה,תנובה - חלב,יח`,,1,14.90,7.45
909,גבינת חורש,תנובה - חלב,יח`,,1,17.90,7.46
910,יוגורט לבן 4% תנובה (3 ליטר),תנובה - חלב,יח`,,1,29,9.67
911,קולאז עיזים 23%,תנובה - חלב,יח`,,1,25.50,12.75
912,גבינה לבנה 5% תנובה (250  גרם)פיקוח,תנובה - חלב,יח`,,1,4.75,1.90
913,גבינה לבנה 9% תנובה (250 גרם),תנובה - חלב,יח`,,1,4.75,1.90
914,גבינת צפתית 5% פיראוס (200 גרם),תנובה - חלב,יח`,,1,14.90,7.45
915,פיראוס חרמון שקית 16% 250 גר`,תנובה - חלב,יח`,,1,17.50,7
916,גבינה בולגרית עיזים 16% פיראוס (250 גרם),תנובה - חלב,יח`,,1,28.50,11.40
917,גבינה לבנה 5% מהדרין תנובה (125 גרם),תנובה - חלב,יח`,,1,2.37,1.90
918,יוגורט ביו 3% אפרסק יופלה (500 גרם),תנובה - חלב,יח`,,1,12.50,2.50
919,יופלה דיאט אננס 0%,תנובה - חלב,יח`,,1,4.90,3.27
920,עמק פרוס בקופסא 200 גר` 15% שומן,תנובה - חלב,יח`,,1,16.10,8.05
921,גבינת פטה כבשים 5% פיראוס (250 גרם),תנובה - חלב,יח`,,1,26.50,10.60
922,יופלה משקה יוגורט 250 מל תות מלון,תנובה - חלב,יח`,,1,5.50,2.20
923,יופלה משקה יוגורט 250 מל בננה אפרסק,תנובה - חלב,יח`,,1,5.50,2.20
924,משקה יוגורט 1.5% טרופי יופלה (250 גרם),תנובה - חלב,יח`,,1,5.50,2.20
925,גבינה לבנה 5% עם זיתים תנובה (250 גרם),תנובה - חלב,יח`,,1,5.70,2.28
926,חלב טרי 3% תנובה (1.5 ליטר) פיקוח,תנובה - חלב,יח`,,1,8.91,0.01
927,יופלה טעמים משתנים 3% 8*150 מל,תנובה - חלב,יח`,,1,30.50,2.54
928,יופלה דיאט טעמים שונים 6+2 8*150 מל,תנובה - חלב,יח`,,1,30.50,2.54
929,יופלה לבן שמינייה 1.5%,תנובה - חלב,יח`,,1,17.50,1.46
930,סמי עמק 400 גר,תנובה - חלב,יח`,,1,20.90,5.23
931,יוגורט ביו 1.5% תנובה (200 גרם),תנובה - חלב,יח`,,1,3.20,1.60
932,יוגורט ביו 3% תנובה (200 גרם),תנובה - חלב,יח`,,1,3.20,1.60
933,חלב 3% בדצ תנובה (1.5 ליטר) פיקוח,תנובה - חלב,יח`,,1,8.91,0.01
934,דיאט יופלה עוגת גבינה ותות,תנובה - חלב,יח`,,1,4.90,3.27
935,שטוזים משקה יוגורט תות יופלה (100x8 מל),תנובה - חלב,יח`,,1,20.90,20.90
936,פריכונים מאורז מלא אסם (80 גרם),קבוצת אסם סחר שות. מוגבלת,יח`,,1,7.90,9.88
937,בייגלה מקלות עם מלח אסם (400 גרם),קבוצת אסם סחר שות. מוגבלת,יח`,,1,10.90,2.73
938,אטריות דקות אסם (400 גרם),קבוצת אסם סחר שות. מוגבלת,יח`,,1,7.90,1.98
939,פתיתים אפויים קוסקוס אסם (500 גרם),קבוצת אסם סחר שות. מוגבלת,יח`,,1,6.90,1.38
940,פסטה מקרוני מספר 7 אסם (500 גרם),קבוצת אסם סחר שות. מוגבלת,יח`,,1,5.90,1.18
941,פסטה תלתלים אסם (500 גרם),קבוצת אסם סחר שות. מוגבלת,יח`,,1,5.90,1.18
942,ספגטי אסם פרפקטו (500 גרם),קבוצת אסם סחר שות. מוגבלת,יח`,,1,6.90,1.38
943,לזניה אסם פרפקטו (500 גרם),קבוצת אסם סחר שות. מוגבלת,יח`,,1,15.90,3.18
944,פסטה מסולסלים אסם (500 גרם),קבוצת אסם סחר שות. מוגבלת,יח`,,1,5.90,1.18
945,פסטה קרניים בינוניות אסם (500 גרם),קבוצת אסם סחר שות. מוגבלת,יח`,,1,5.90,1.18
946,פסטה צדפים גדולים אסם (500 גרם),קבוצת אסם סחר שות. מוגבלת,יח`,,1,5.90,1.18
947,פסטה צדפים קטנים אסם (500 גרם),קבוצת אסם סחר שות. מוגבלת,יח`,,1,5.90,1.18
948,ספגטי אסם (500 גרם),קבוצת אסם סחר שות. מוגבלת,יח`,,1,5.90,1.18
949,פתיתים אפויים אורז אסם (500 גרם),קבוצת אסם סחר שות. מוגבלת,יח`,,1,6.90,1.38
950,אטריות מובחרות בינוניות אסם (400 גרם),קבוצת אסם סחר שות. מוגבלת,יח`,,1,7.90,1.98
951,אטריות רחבות אסם (400 גרם),קבוצת אסם סחר שות. מוגבלת,יח`,,1,7.90,1.98
952,אטריות דקיקות אסם (400 גרם),קבוצת אסם סחר שות. מוגבלת,יח`,,1,7.90,1.98
953,קרקר בצל אסם (250 גרם),קבוצת אסם סחר שות. מוגבלת,יח`,,1,10.90,4.36
954,עוגיות שוקוצ`יפס,קבוצת אסם סחר שות. מוגבלת,יח`,,1,10.60,4.82
955,קפה רד מאג נסקפה (200 גרם),קבוצת אסם סחר שות. מוגבלת,יח`,,1,18.90,9.45
956,קפה נמס רד מאג 50 גר.,קבוצת אסם סחר שות. מוגבלת,יח`,,1,6.90,13.80
957,קרקר לחמית שיפון אסם 920 גר`,קבוצת אסם סחר שות. מוגבלת,יח`,,1,24.90,2.77
958,קמח תופח אסם (350 גרם),קבוצת אסם סחר שות. מוגבלת,יח`,,1,5,1.43
959,שקדי מרק אסם (100 גרם),קבוצת אסם סחר שות. מוגבלת,יח`,,1,5.90,5.90
960,שקדי מרק אסם (400 גרם),קבוצת אסם סחר שות. מוגבלת,יח`,,1,10.90,2.73
961,קמח תופח אסם (1 קג),קבוצת אסם סחר שות. מוגבלת,יח`,,1,9.90,0.99
962,סירופ ענבים ויטמינצ`יק (2 ליטר),קבוצת אסם סחר שות. מוגבלת,יח`,,1,22.90,1.15
963,קוסקוס בינוני אסם (350 גרם),קבוצת אסם סחר שות. מוגבלת,יח`,,1,8.90,2.54
964,מנה חמה פירה עם בצל אסם (56 גרם),קבוצת אסם סחר שות. מוגבלת,יח`,,1,6.90,14.68
965,מיני קרוטונים למרק וסלט,קבוצת אסם סחר שות. מוגבלת,יח`,,1,22.80,5.70
966,מנה חמה קוסקוס עם ירקות אסם (84 גרם),קבוצת אסם סחר שות. מוגבלת,יח`,,1,6.90,11.13
967,סירופ פטל ויטמינצ`יק (1 ליטר),קבוצת אסם סחר שות. מוגבלת,יח`,,1,11.90,1.19
968,פריכונים תירס שומשום אסם (80 גרם),קבוצת אסם סחר שות. מוגבלת,יח`,,1,7.90,3.16
969,ביסלי חטיף בטעם פלאפל אסם (70 גרם),קבוצת אסם סחר שות. מוגבלת,יח`,,1,3.90,5.57
970,ביסלי חטיף בטעם גריל אסם (70 גרם),קבוצת אסם סחר שות. מוגבלת,יח`,,1,3.90,5.57
971,ביסלי חטיף בטעם בצל אסם (67 גרם),קבוצת אסם סחר שות. מוגבלת,יח`,,1,3.90,5.82
972,ביסלי חטיף בטעם ברביקיו אסם (67 גרם),קבוצת אסם סחר שות. מוגבלת,יח`,,1,3.90,5.82
973,ביסלי חטיף בטעם פיצה אסם (70 גרם),קבוצת אסם סחר שות. מוגבלת,יח`,,1,3.90,5.57
974,ביסלי חטיף בטעם גריל אסם (200 גרם),קבוצת אסם סחר שות. מוגבלת,יח`,,1,7.90,3.95
975,ביסלי חטיף בטעם בצל אסם (190 גרם),קבוצת אסם סחר שות. מוגבלת,יח`,,1,7.90,4.16
976,ביסלי חטיף בטעם ברביקיו אסם (190 גרם),קבוצת אסם סחר שות. מוגבלת,יח`,,1,7.90,3.95
977,דובונים חטיף תפוחי אדמה אסם (40 גרם),קבוצת אסם סחר שות. מוגבלת,יח`,,1,5,12.50
978,במבה מתוקה בטעם תות אסם (30 גרם),קבוצת אסם סחר שות. מוגבלת,יח`,,1,2.90,9.67
979,במבה אסם (80 גרם),קבוצת אסם סחר שות. מוגבלת,יח`,,1,4.30,5.38
980,אפרופו חטיף תירס אסם (50 גרם),קבוצת אסם סחר שות. מוגבלת,יח`,,1,5,10
981,אפרופו חטיף תירס אסם (100 גרם),קבוצת אסם סחר שות. מוגבלת,יח`,,1,8.90,8.90
982,סירופ ענבים ויטמינצ`יק (1 ליטר),קבוצת אסם סחר שות. מוגבלת,יח`,,1,11.90,1.19
983,סירופ תפוחים ויטמינצ`יק (1 ליטר),קבוצת אסם סחר שות. מוגבלת,יח`,,1,11.90,1.19
984,ביסלי 70 גר` כשלפ,קבוצת אסם סחר שות. מוגבלת,יח`,,1,3.90,5.57
985,פירורית זהב אסם (200 גרם),קבוצת אסם סחר שות. מוגבלת,יח`,,1,6.90,3.45
986,ביסלי 70 גר` כשלפ,קבוצת אסם סחר שות. מוגבלת,יח`,,1,3.90,5.57
987,ביסלי 70 גר` כשלפ,קבוצת אסם סחר שות. מוגבלת,יח`,,1,3.90,5.57
988,מנה חמה ספגטי בולונז אסם (65 גרם),קבוצת אסם סחר שות. מוגבלת,יח`,,1,6.90,10.62
989,ניוקי בצקיות מקמח אסם פרפקטו (500 גרם),קבוצת אסם סחר שות. מוגבלת,יח`,,1,12.90,2.58
990,פודינג בטעם וניל 80 גר` אסם,קבוצת אסם סחר שות. מוגבלת,יח`,,1,5.90,7.38
991,אבקת רוטב צלי אסם (22 גרם),קבוצת אסם סחר שות. מוגבלת,יח`,,1,3.90,17.73
992,אבקה להכנת ג`לי בטעם תות אסם (90 גרם),קבוצת אסם סחר שות. מוגבלת,יח`,,1,6.90,7.67
993,במבה יום הולדת אסם (80 גרם),קבוצת אסם סחר שות. מוגבלת,יח`,,1,4.30,5.38
994,חטיפי קרקר בטעם זעתר אסם (300 גרם),קבוצת אסם סחר שות. מוגבלת,יח`,,1,11.90,3.97
995,חטיפי קרקר מלוח אסם (300 גרם),קבוצת אסם סחר שות. מוגבלת,יח`,,1,11.90,3.97
996,חטיפי קרקר שומשום אסם (300 גרם),קבוצת אסם סחר שות. מוגבלת,יח`,,1,11.90,3.97
997,מרק עוף אמיתי בשרי אסם (400 גרם),קבוצת אסם סחר שות. מוגבלת,יח`,,1,20,5
998,מרק פטריות אסם (400 גרם),קבוצת אסם סחר שות. מוגבלת,יח`,,1,30.90,7.73
999,מרק בצל רכיבים טבעיים אסם (400 גרם),קבוצת אסם סחר שות. מוגבלת,יח`,,1,27,6.75
1000,מרק טעם עוף זך עדיף אסם (400 גרם),קבוצת אסם סחר שות. מוגבלת,יח`,,1,18,4.50
1001,בייגלה רשתות עם מלח אסם (400 גרם),קבוצת אסם סחר שות. מוגבלת,יח`,,1,12.90,3.23
1002,בייגלה שטוחים טבעות עם מלח אסם (60 גרם),קבוצת אסם סחר שות. מוגבלת,יח`,,1,2.90,4.83
1003,קטשופ אסם (750 גרם),קבוצת אסם סחר שות. מוגבלת,יח`,,1,10.90,1.45
1004,קטשופ חריף אסם (750 גרם),קבוצת אסם סחר שות. מוגבלת,יח`,,1,11.90,1.59
1005,קפה טייסטרס צ`ויס נסקפה (200 גרם),קבוצת אסם סחר שות. מוגבלת,יח`,,1,29.90,14.95
1006,טייסטר צ`ויס נטול 100 גר`,קבוצת אסם סחר שות. מוגבלת,יח`,,1,27.90,27.90
1007,מנה חמה פסטה ברוטב עגבניות אסם (62 גרם),קבוצת אסם סחר שות. מוגבלת,יח`,,1,6.90,11.13
1008,מנה חמה פסטה ברוטב פיצה אסם (61 גרם),קבוצת אסם סחר שות. מוגבלת,יח`,,1,6.90,11.31
1009,מנה חמה נודלס בטעם עוף אסם (70 גרם),קבוצת אסם סחר שות. מוגבלת,יח`,,1,7.90,11.29
1010,מנה חמה נודלס בטעם בקר אסם (70 גרם),קבוצת אסם סחר שות. מוגבלת,יח`,,1,7.90,11.29
1011,מנה חמה נודלס בטעם פיקנטי אסם (70 גרם),קבוצת אסם סחר שות. מוגבלת,יח`,,1,7.90,10.39
1012,ביסקוויט פתי בר אסם (500 גרם),קבוצת אסם סחר שות. מוגבלת,יח`,,1,11.90,2.38
1013,קרם קרקר אסם (250 גרם),קבוצת אסם סחר שות. מוגבלת,יח`,,1,9.90,3.96
1014,קרקר שומשום אסם (250 גרם),קבוצת אסם סחר שות. מוגבלת,יח`,,1,9.90,3.96
1015,קרקר פיקנטי אסם (250 גרם),קבוצת אסם סחר שות. מוגבלת,יח`,,1,10.90,4.36
1016,קרקר לחמית עם סובין חיטה אסם 230 גר`,קבוצת אסם סחר שות. מוגבלת,יח`,,1,8.90,3.87
1017,קרקר זהב אסם (150 גרם),קבוצת אסם סחר שות. מוגבלת,יח`,,1,7.90,5.27
1018,קרקר לחמית אגוזים אסם (160 גרם),קבוצת אסם סחר שות. מוגבלת,יח`,,1,10.90,6.81
1019,קרם קרקר אסם (1 קג),קבוצת אסם סחר שות. מוגבלת,יח`,,1,27.90,27.90
1020,קרקר לחמית חיטה מלאה אסם 1 קג`,קבוצת אסם סחר שות. מוגבלת,יח`,,1,24.90,2.49
1021,קרקר זהב אסם (900 גרם),קבוצת אסם סחר שות. מוגבלת,יח`,,1,27.90,3.10
1022,עוגיות שוקוצ`יפס אסם (200 גרם),קבוצת אסם סחר שות. מוגבלת,יח`,,1,11.90,5.95
1023,קרקר לחמית חיטה מלאה אסם (250 גרם),קבוצת אסם סחר שות. מוגבלת,יח`,,1,8.90,3.56
1024,עוגת הבית שמרים בריוש שוקולד 360 גר`,קבוצת אסם סחר שות. מוגבלת,יח`,,1,17.90,4.97
1025,בייגלה שמיניות עם מלח אסם (80 גרם),קבוצת אסם סחר שות. מוגבלת,יח`,,1,2.90,3.63
1026,בייגלה שמיניות עם מלח אסם (400 גרם),קבוצת אסם סחר שות. מוגבלת,יח`,,1,9.90,2.48
1027,קרמוגית משהו שוקולוד,קבוצת אסם סחר שות. מוגבלת,יח`,,1,11.90,5.95
1028,קרקר לחמית כפרית אסם (190 גרם),קבוצת אסם סחר שות. מוגבלת,יח`,,1,10.90,5.74
1029,פריכונים בדבש מאורז מלא אסם (80 גרם),קבוצת אסם סחר שות. מוגבלת,יח`,,1,7.90,9.88
1030,קרם קרקר דל נתרן אסם (250 גרם),קבוצת אסם סחר שות. מוגבלת,יח`,,1,10.90,4.36
1031,פת קלויה טוסטעים אסם (100 גרם),קבוצת אסם סחר שות. מוגבלת,יח`,,1,9.90,9.90
1032,פת קלויה טוסטעים עם שומשום אסם (100 גרם),קבוצת אסם סחר שות. מוגבלת,יח`,,1,9.90,9.90
1033,בייגלה טבעות עם שומשום אסם (300 גרם),קבוצת אסם סחר שות. מוגבלת,יח`,,1,9.90,3.30
1034,פתיתי ברוקלי 800 גר` סנפרוסט,תנובה קפואים,יח`,,1,19.90,2.49
1035,פירות קפואים תות 300 גר` סנפרוסט,תנובה קפואים,יח`,,1,15.90,5.30
1036,פירות קפואים דובדבן 300 גר` סנפרוסט,תנובה קפואים,יח`,,1,15.90,5.30
1037,סמוטיז צהוב 300 גר` SMOOTHIE,תנובה קפואים,יח`,,1,15.90,5.30
1038,פרוסות אנטיפסטי לתנור 600 גר` סנפרוסט,תנובה קפואים,יח`,,1,21.90,3.65
1039,מיקס פירות יער מוקפאים 300 גר סנפרוסט,תנובה קפואים,יח`,,1,15.90,5.30
1040,אננס חתוך מוקפא סנפרוסט (300 גרם),תנובה קפואים,יח`,,1,15.90,5.30
1041,מנגו חתוך מוקפא סנפרוסט (300 גרם),תנובה קפואים,יח`,,1,15.90,5.30
1042,מיקס דובדבן חמוץ מוקפאים 300 גר סנפרוסט,תנובה קפואים,יח`,,1,15.90,5.30
1043,לקט ירקות ל תנור 800 גר` סנפרוסט,תנובה קפואים,יח`,,1,21.90,2.74
1044,מיני כרובית סנפרוסט (600 גרם),תנובה קפואים,יח`,,1,17.90,2.98
1045,לקט ירקןת להקפצה עם פסטה 800 גר` סנפרוסט,תנובה קפואים,יח`,,1,24,3
1046,לקט מוקפא לעוף סנפרוסט (800 גרם),תנובה קפואים,יח`,,1,23,2.88
1047,עדשים ירוקות מבושלות סנפרוסט (800 גרם),תנובה קפואים,יח`,,1,20.90,2.61
1048,אפונה עדינה מוקפאת סנפרוסט (600 גרם),תנובה קפואים,יח`,,1,18.90,3.15
1049,במיה 600 גר` סנפרוסט,תנובה קפואים,יח`,,1,18.90,3.15
1050,אפונה 800 גר` סנפרוסט,תנובה קפואים,יח`,,1,16.90,2.11
1051,שעועית ירוקה שלמה סנפרוסט (800 גרם),תנובה קפואים,יח`,,1,19.90,2.49
1052,גרעיני תירס מוקפאים סנפרוסט (800 גרם),תנובה קפואים,יח`,,1,17.90,2.24
1053,גזר גמדי מוקפא סנפרוסט (800 גרם),תנובה קפואים,יח`,,1,17.90,2.24
1054,שעועית צהובה 800 גר` סנפרוסט,תנובה קפואים,יח`,,1,19.90,2.49
1055,כרובית מוקפאת סנפרוסט (800 גרם),תנובה קפואים,יח`,,1,25,3.13
1056,כרוב ניצנים סנפרוסט (800 גרם),תנובה קפואים,יח`,,1,25,3.13
1057,עלי תרד סנפרוסט (800 גרם),תנובה קפואים,יח`,,1,26,3.25
1058,מדליוני תרד סנפרוסט (800 גרם),תנובה קפואים,יח`,,1,26,3.25
1059,שעועית לבנה מבושלת סנפרוסט (800 גרם),תנובה קפואים,יח`,,1,19.90,2.49
1060,גרגרי חומוס מבושלים סנפרוסט (800 גרם),תנובה קפואים,יח`,,1,19.90,2.49
1061,שעועית עדינה שלמה סנפרוסט (600 גרם),תנובה קפואים,יח`,,1,22.90,3.82
1062,לקט מוקפא לקוסקוס סנפרוסט (800 גרם),תנובה קפואים,יח`,,1,23,2.88
1063,לקט אפונה וגזר מוקפאים סנפרוסט (800 גרם),תנובה קפואים,יח`,,1,16.90,2.11
1064,לקט ירקות מעורבים 800  גר`סנפרוסט,תנובה קפואים,יח`,,1,23,2.88
1065,לקט נורמנדי מוקפא סנפרוסט (800 גרם),תנובה קפואים,יח`,,1,16.90,2.11
1066,חגיגה ירוקה להקפצה 800 גר` סנפרוסט,תנובה קפואים,יח`,,1,24,3
1067,קינואה עדשים וירקות 800 גר` סנפרוסט,תנובה קפואים,יח`,,1,23,2.88
1068,חטיף סויה אדממה סנפרוסט (400 גרם),תנובה קפואים,יח`,,1,14,3.50
1069,תחתיות ארטישוק סנפרוסט (400 גרם),תנובה קפואים,יח`,,1,22.90,5.73
1070,ברוקולי סנפרוסט (800 גרם),תנובה קפואים,יח`,,1,24.90,3.11
1071,מנה אסייטית צבעונית ועשירה 800 גר` סנפרו,תנובה קפואים,יח`,,1,23,2.88
1072,פסטה וירקות אל איטליה 800 גר` סנפרוסט,תנובה קפואים,יח`,,1,23,2.88
1073,כיפלי 70 גר` גריל,יוניליוור ישראל שיווק בעמ,יח`,,1,5.90,8.43
1074,כיפלי חטיף בטעם בצל מהדרין תלמה (70 גרם),יוניליוור ישראל שיווק בעמ,יח`,,1,5.90,8.43
1075,מיונז אמיתי תלמה (250 גרם),יוניליוור ישראל שיווק בעמ,יח`,,1,5.90,2.36
1076,מרכך כביסה לבן בדין (4 ליטר),יוניליוור ישראל שיווק בעמ,יח`,,1,19.90,4.98
1077,מיונז אמיתי תלמה (500 גרם),יוניליוור ישראל שיווק בעמ,יח`,,1,9.90,1.98
1078,מיונז אמיתי תלמה (1 קג),יוניליוור ישראל שיווק בעמ,יח`,,1,17.90,17.90
1079,חרדל אמיתי תלמה (250 גרם),יוניליוור ישראל שיווק בעמ,יח`,,1,6.90,2.76
1080,חרדל אמיתי תלמה (550 גרם),יוניליוור ישראל שיווק בעמ,יח`,,1,9.90,1.80
1081,מרק עשיר ירקות קנור (61 גרם),יוניליוור ישראל שיווק בעמ,יח`,,1,9.90,14.35
1082,מרק עוף אמיתי בשרי קנור (400 גרם),יוניליוור ישראל שיווק בעמ,יח`,,1,25.90,6.48
1083,כיפלי צ`יפסים קטשופ תלמה (50 גרם),יוניליוור ישראל שיווק בעמ,יח`,,1,5.90,11.80
1084,שיבולת שועל תלמה (500 גרם),יוניליוור ישראל שיווק בעמ,יח`,,1,13.90,2.78
1085,מרק דגש זך טעם עוף קנור (1 קג),יוניליוור ישראל שיווק בעמ,יח`,,1,17.90,1.79
1086,רוטב ברביקיו קנור (300 מל),יוניליוור ישראל שיווק בעמ,יח`,,1,12.90,6.45
1087,רוטב סויה קלאסי קנור (300 מל),יוניליוור ישראל שיווק בעמ,יח`,,1,13.90,4.63
1088,נמס בכוס מרק עוף דל קל,יוניליוור ישראל שיווק בעמ,יח`,,1,6.90,15
1089,מרק נמס בכוס פטריות קנור (21.5x2 גרם),יוניליוור ישראל שיווק בעמ,יח`,,1,6.90,16.05
1090,אבקה לקניידלך קנור (2 יח` - 130 גרם),יוניליוור ישראל שיווק בעמ,יח`,,1,12.90,9.92
1091,אבקת להכנת סחלב תלמה (56x2 גרם),יוניליוור ישראל שיווק בעמ,יח`,,1,13.90,12.41
1092,מיונז אמיתי הלמנס (394 גרם),יוניליוור ישראל שיווק בעמ,יח`,,1,12.90,2.98
1093,מיונז לייט הלמנס (424 גרם),יוניליוור ישראל שיווק בעמ,יח`,,1,12.90,2.71
1094,מון בלאן שויצרית,נטו מלינדה סחר בעמ,יח`,,1,11.60,9.67
1095,סירופ בטעם שוקולד אפיכל (600 גרם),יוניליוור ישראל שיווק בעמ,יח`,,1,14.90,2.48
1096,תיבולית עישבי תיבול קנור,יוניליוור ישראל שיווק בעמ,יח`,,1,9.90,13.75
1097,רוטב פטריות קנור (28 גרם),יוניליוור ישראל שיווק בעמ,יח`,,1,4.90,17.50
1098,מרכך כביסה ירוק בדין (4 ליטר),יוניליוור ישראל שיווק בעמ,יח`,,1,19.90,4.98
1099,מש.שיניים אורביטול שלישיה,החברה הדרומית לשיווק בעמ,יח`,,1,19.90,4.57
1100,קינמון טחון 50 גר`,תבליני טעם וריח בעמ,יח`,,1,5.90,11.80
1101,תיבול לפיצה 120 גר`,תבליני טעם וריח בעמ,יח`,,1,8.90,7.42
1102,שום אבקה 90 גר`,תבליני טעם וריח בעמ,יח`,,1,8.90,9.89
1103,קינמון טחון 90 גר`,תבליני טעם וריח בעמ,יח`,,1,8.90,9.89
1104,פפריקה בשמן 90 גר`,תבליני טעם וריח בעמ,יח`,,1,8.90,9.89
1105,רוזמרין 15 גר`,תבליני טעם וריח בעמ,יח`,,1,5.90,39.33
1106,קימל שלם 40 גר`,תבליני טעם וריח בעמ,יח`,,1,5.90,14.75
1107,תיבול לתפוא 100 גר`,תבליני טעם וריח בעמ,יח`,,1,8.90,8.90
1108,זעתר מעורב 100 גר`,תבליני טעם וריח בעמ,יח`,,1,8.90,8.90
1109,כמון טחון 100 גר`,תבליני טעם וריח בעמ,יח`,,1,8.90,8.90
1110,כורכום טחון 100 גר`,תבליני טעם וריח בעמ,יח`,,1,8.90,8.90
1111,פפריקה מתוקה 100 גר`,תבליני טעם וריח בעמ,יח`,,1,8.90,8.90
1112,פפריקה חריפה 100 גר`,תבליני טעם וריח בעמ,יח`,,1,8.90,8.90
1113,פלפל שחור טחון 100 גר`,תבליני טעם וריח בעמ,יח`,,1,11.90,11.90
1114,חוואיג` 100 גר`,תבליני טעם וריח בעמ,יח`,,1,8.90,8.90
1115,פלפל שחור גרוס 90 גר`,תבליני טעם וריח בעמ,יח`,,1,11.90,13.22
1116,טימין 20 גר`,תבליני טעם וריח בעמ,יח`,,1,5.90,29.50
1117,משקה אנרגיה מנגו אקסל (250 מל) TEN,טמפו משקאות בעמ,יח`,,1,4.50,1.68
1118,משקה אנרגיה אקסל נענע ליים (250 מל),טמפו משקאות בעמ,יח`,,1,4.50,1.68
1119,קרמיסימו גלידונית 60 יח`,גלידות שטראוס בעמ,יח`,,1,47.90,6.84
1120,מאגדת-טעמקור 8 יח`,גלידות שטראוס בעמ,יח`,,1,37.90,37.90
1121,שמפו ומרכך לשיער אלוורה הוואי (700 מל),הנקל סוד בעמ,יח`,,1,8.90,1.27
1122,מרכך לשיער יבש הוואי (700 מל),הנקל סוד בעמ,יח`,,1,8.90,1.27
1123,הוואי שמפו לשיער יבש 700 מל כחול,הנקל סוד בעמ,יח`,,1,8.90,1.27
1124,הוואי שמפו 700 מל ילדים,הנקל סוד בעמ,יח`,,1,8.90,1.27
1125,שמפו למניעת קשקשים הוואי (700 מל),הנקל סוד בעמ,יח`,,1,8.90,1.27
1126,הוואי מרכך לשיער רגיל 700 מל ירוק,הנקל סוד בעמ,יח`,,1,8.90,1.27
1127,שמן זית כתית מעולה 750 מל עץ הזית,שמן תעשיות בעמ,יח`,,1,34.90,4.65
1128,שמן קנולה מזוכך עץ הזית (1 ליטר),שמן תעשיות בעמ,יח`,,1,13.90,13.90
1129,שמן קנולה פלוס אומגה 9 עץ הזית (1 ליטר),שמן תעשיות בעמ,יח`,,1,15.90,1.59
1130,הוואי סבון מוצק ורוד 100  גר`רביעייה,הנקל סוד בעמ,יח`,,1,11.90,2.98
1131,הוואי סבון מוצק לגבר 100  גר`רביעייה,הנקל סוד בעמ,יח`,,1,11.90,2.98
1132,הוואי סבון מוצק 100  גר`רביעייה,הנקל סוד בעמ,יח`,,1,11.90,2.98
1133,משחת שיניים לילדים טום וג`רי (50 מל),הנקל סוד בעמ,יח`,,1,8.90,14.83
1134,מיץ סחוט תפוזים טבעי פריגת (2 ליטר),החב` המרכזית - טרה,יח`,,1,27.90,1.40
1135,פיסטוקים קלויים קליית גת (200 גרם),ליימן שליסל בעמ,יח`,,1,22.90,11.45
1136,גרעיני דלעת שקית 200 גר`,ליימן שליסל בעמ,יח`,,1,9.90,4.95
1137,קשיו מטוגן שקית 200 גר,ליימן שליסל בעמ,יח`,,1,19.90,9.95
1138,גרעיני חמניה 200 גר`,ליימן שליסל בעמ,יח`,,1,6.90,3.45
1139,שקדים קלויים קליית גת (200 גרם),ליימן שליסל בעמ,יח`,,1,22.90,11.45
1140,סבון מוצק לתינוק נקה 7 (100x4 גרם),החברה הדרומית לשיווק בעמ,יח`,,1,11.90,2.98
1141,טקסטיל שמפו נוזל,החברה הדרומית לשיווק בעמ,יח`,,1,13.90,13.90
1142,קציצות עוף קלאסיות 600  גר`עוף טוב,קבוצת אסם סחר שות. מוגבלת,יח`,,1,28.90,4.82
1143,שניצל ביתי עם שומשום קופצני 700 גר` עוף,קבוצת אסם סחר שות. מוגבלת,יח`,,1,43.90,6.27
1144,שניצל עוף מיני דיזוזאור 700 גר` עוף טוב,קבוצת אסם סחר שות. מוגבלת,יח`,,1,34.90,4.99
1145,שניצל עוף דקיק ענקיסטי 700 עוף טוב,קבוצת אסם סחר שות. מוגבלת,יח`,,1,35.90,5.13
1146,שניצל עוף דקיק עם צ`יפס שמח 700 גר` עוף,קבוצת אסם סחר שות. מוגבלת,יח`,,1,35.90,5.13
1147,שניצל עוף מיני דובונים 700 גר` עוף טוב,קבוצת אסם סחר שות. מוגבלת,יח`,,1,35.90,5.13
1148,מרגרינה קלאסי למריחה בלובנד (250 גרם),יוניליוור ישראל שיווק בעמ,יח`,,1,7.70,3.08
1149,מרכך מרכך לטיפול בשמני הזנה 400מל,יוניליוור ישראל שיווק בעמ,יח`,,1,15.90,3.98
1150,סיף פנטסטיק 4 ליטר כללי יסמין,יוניליוור ישראל שיווק בעמ,יח`,,1,24.90,0.62
1151,ברנפלקס קרנצ`ים 375 גר` בדצ,יוניליוור ישראל שיווק בעמ,יח`,,1,22.90,6.11
1152,רוטב קנור סויה בסגנון סיני,יוניליוור ישראל שיווק בעמ,יח`,,1,12.90,4.30
1153,עוגי מופחת סוכר 500גר,יוניליוור ישראל שיווק בעמ,יח`,,1,18.90,3.78
1154,שוקולד פרה חלב עלית (100 גרם),שטראוס גרופ בעמ,יח`,,1,4.90,4.90
1155,שוקולד פרה מריר פרווה עלית (100 גרם),שטראוס גרופ בעמ,יח`,,1,4.90,4.90
1156,טבלאות פרה במילוי קרם נוגט,שטראוס גרופ בעמ,יח`,,1,4.90,4.90
1157,בפלות בטעם לימון עלית (500 גרם),שטראוס גרופ בעמ,יח`,,1,12.90,2.58
1158,בפלות בטעם שוקולד עלית (4 יח` - 500 גרם),שטראוס גרופ בעמ,יח`,,1,12.90,2.58
1159,שוקולית אבקת שוקו עלית (500 גרם),שטראוס גרופ בעמ,יח`,,1,11.90,2.38
1160,ממרחית בטעם שוקולד עלית (500 גרם),שטראוס גרופ בעמ,יח`,,1,11.90,2.38
1161,קפה טורקי עלית (100 גרם),שטראוס גרופ בעמ,יח`,,1,8.90,8.90
1162,קפה טורקי עם הל עלית (100 גרם),שטראוס גרופ בעמ,יח`,,1,8.90,8.90
1163,קפה טורקי אלדין עלית (200 גרם),שטראוס גרופ בעמ,יח`,,1,17.90,8.95
1164,קפה טורקי בוואקום עלית (1 קג),שטראוס גרופ בעמ,יח`,,1,74.90,74.90
1165,קפה מוקה לפילטר מספר 1 עלית (500 גרם),שטראוס גרופ בעמ,יח`,,1,47.90,4.79
1166,קפה טורקי האג נטול קפאין עלית (200 גרם),שטראוס גרופ בעמ,יח`,,1,26.70,13.35
1167,נס קפה קטן פח,שטראוס גרופ בעמ,יח`,,1,9.90,19.80
1168,קפה נמס עלית (200 גרם),שטראוס גרופ בעמ,יח`,,1,19.90,9.95
1169,קפה נמס נטול קפאין האג עלית (200 גרם),שטראוס גרופ בעמ,יח`,,1,34.90,17.45
1170,חטיף צ`יפס בטעם טבעי תפוצ`יפס (50 גרם),שטראוס פריטו ליי בעמ,יח`,,1,3.90,7.80
1171,חטיף צ`יפס בטעם טבעי תפוצ`יפס (200 גרם),שטראוס פריטו ליי בעמ,יח`,,1,10.90,5.45
1172,שוקולד פרה מריר עם אגוזים עלית (100 גרם),שטראוס גרופ בעמ,יח`,,1,4.90,4.90
1173,ביסקוויט עד חצות חלבי 200 גר`,שטראוס גרופ בעמ,יח`,,1,13.90,6.95
1174,נייר טואלט טריו לבן לילי (32),קימברלי קלארק ישראל שיווק בעמ,יח`,,1,39.90,39.90
1175,כריות קרצוף חתוכות ניקול (12),קימברלי קלארק ישראל שיווק בעמ,יח`,,1,10.90,10.90
1176,מגבוני טואלט לחים לילי) (40,קימברלי קלארק ישראל שיווק בעמ,יח`,,1,7.90,13.39
1177,נייר טואלט קלאסיק לבן לילי (32),קימברלי קלארק ישראל שיווק בעמ,יח`,,1,37.90,1.92
1178,נייר טואלט פסטל לילי 32 גלילים,קימברלי קלארק ישראל שיווק בעמ,יח`,,1,32.90,1.67
1179,מגבת נייר ניקול (6),קימברלי קלארק ישראל שיווק בעמ,יח`,,1,11.90,11.90
1180,מגבונים לחים בבישום עדין טיטולים (72x4),קימברלי קלארק ישראל שיווק בעמ,יח`,,1,19.90,19.90
1181,מגבת רב שימושית ניקול,קימברלי קלארק ישראל שיווק בעמ,יח`,,1,19.90,19.90
1182,אשפתון 40,קימברלי קלארק ישראל שיווק בעמ,יח`,,1,20.90,0.52
1183,זוג אשפתון 90x78 ניקול) (10x2,קימברלי קלארק ישראל שיווק בעמ,יח`,,1,23.90,23.90
1184,מטליות לחות לניקוי כללי ניקול (50),קימברלי קלארק ישראל שיווק בעמ,יח`,,1,11.90,11.90
1185,מטליות לחות לניקוי רצפה ניקול (10),קימברלי קלארק ישראל שיווק בעמ,יח`,,1,13.90,13.90
1186,מטליות לחות לניקוי פרקטים ניקול) (10,קימברלי קלארק ישראל שיווק בעמ,יח`,,1,21.90,21.90
1187,קוטקס מגן תחתון נורמל בניחוח עדין 50 יח,קימברלי קלארק ישראל שיווק בעמ,יח`,,1,21.90,21.90
1188,שקיות אשפה לפח עם שרוך 64x52 ניקול (55),קימברלי קלארק ישראל שיווק בעמ,יח`,,1,17.90,0.30
1189,מפיות אירוח לילי סטייל ניקול (20),קימברלי קלארק ישראל שיווק בעמ,יח`,,1,8.90,8.73
1190,מגבוני מולט שביעייה,קימברלי קלארק ישראל שיווק בעמ,יח`,,1,19.90,2.42
1191,ממחטות טישו לילי) (100x5,קימברלי קלארק ישראל שיווק בעמ,יח`,,1,12.90,2.18
1192,ממחטות אף קלינקס (90x3),קימברלי קלארק ישראל שיווק בעמ,יח`,,1,10.90,10.90
1193,מגבוני נ.ט לח סנסיטיב,קימברלי קלארק ישראל שיווק בעמ,יח`,,1,7.90,13.39
1194,תחבושות נובה-לי לילי (28),קימברלי קלארק ישראל שיווק בעמ,יח`,,1,10.90,10.90
1195,תח` לילי נטורל לילה,קימברלי קלארק ישראל שיווק בעמ,יח`,,1,18.90,18.90
1196,מגן תחתון נטורל נורמל לילי (60),קימברלי קלארק ישראל שיווק בעמ,יח`,,1,18.90,18.90
1197,מגן תחתון נטורל לייט לילי (62),קימברלי קלארק ישראל שיווק בעמ,יח`,,1,18.90,18.90
1198,תחבושות נטורל סופר עם כנפיים לילי (24),קימברלי קלארק ישראל שיווק בעמ,יח`,,1,17.90,17.90
1199,מארז חטיפים ללא סוכר 250 גר`,ממתקי השלום בעולם בעמ,יח`,,1,11.90,4.76
1200,מגבוני האגיס רביעייה ללא בישום,קימברלי קלארק ישראל שיווק בעמ,יח`,,1,19.90,19.90
1201,מגבונים לחים מבושמים האגיס (72x4),קימברלי קלארק ישראל שיווק בעמ,יח`,,1,19.90,19.90
1202,מגבוני האגיס רביעייה,קימברלי קלארק ישראל שיווק בעמ,יח`,,1,19.90,19.90
1203,מפת שולחן 110*180 סמ ניקול (2),קימברלי קלארק ישראל שיווק בעמ,יח`,,1,11.90,4.76
1204,שקיות אשפה חזקות במיוחד 65x52 ניקול (40),קימברלי קלארק ישראל שיווק בעמ,יח`,,1,27.90,27.90
1205,שקיות  ריצ`רץ`רב תכליתיות ניקול) (12,קימברלי קלארק ישראל שיווק בעמ,יח`,,1,14.90,1.24
1206,ניילונית 150 מ,קימברלי קלארק ישראל שיווק בעמ,יח`,,1,36.90,0.25
1207,רדיד אלומיניום זוג רגיל ניקול,קימברלי קלארק ישראל שיווק בעמ,יח`,,1,14.90,7.45
1208,ניקול-רדיד אלומיניום זוג 45,קימברלי קלארק ישראל שיווק בעמ,יח`,,1,19.90,19.90
1209,חיתולי פרידום דריי שלב 3 האגיס (52),קימברלי קלארק ישראל שיווק בעמ,יח`,,1,39.90,39.90
1210,זוג סנדוויצ`ון ניקול (150x2),קימברלי קלארק ישראל שיווק בעמ,יח`,,1,14.90,7.45
1211,חיתולי פרידום דריי שלב +4 האגיס (40),קימברלי קלארק ישראל שיווק בעמ,יח`,,1,39.90,39.90
1212,שקיות רב שימושיות ניקול) (250,קימברלי קלארק ישראל שיווק בעמ,יח`,,1,14.90,0.07
1213,חיתולי פרידום דריי שלב 5 האגיס (36),קימברלי קלארק ישראל שיווק בעמ,יח`,,1,39.90,39.90
1214,חיתולי פרידום דריי שלב 6 האגיס (30),קימברלי קלארק ישראל שיווק בעמ,יח`,,1,39.90,39.90
1215,זוג ניילון נצמד ניקול (30x2 מטר),קימברלי קלארק ישראל שיווק בעמ,יח`,,1,12.90,12.90
1216,ניקול-רדיד עבה 7.5*45,קימברלי קלארק ישראל שיווק בעמ,יח`,,1,23.90,11.95
1217,חיתולי פרימיום שלב 4+ טיטולים (38),קימברלי קלארק ישראל שיווק בעמ,יח`,,1,39.90,39.90
1218,חיתולי פרימיום שלב 6 טיטולים (30),קימברלי קלארק ישראל שיווק בעמ,יח`,,1,39.90,39.90
1219,כריות קרצוף סקוטש ניקול (3),קימברלי קלארק ישראל שיווק בעמ,יח`,,1,11.90,3.97
1220,כרית יפנית רביעייה ניקול,קימברלי קלארק ישראל שיווק בעמ,יח`,,1,11.90,2.98
1221,ניקול מטליות רצפה רביעיה,קימברלי קלארק ישראל שיווק בעמ,יח`,,1,12.90,3.23
1222,מטליות רב שימושיות לניקיון ניקול (9),קימברלי קלארק ישראל שיווק בעמ,יח`,,1,11.90,1.32
1223,מטליות לחות לרצפה בריח לימון 10 יח,קימברלי קלארק ישראל שיווק בעמ,יח`,,1,13.90,13.90
1224,ספוגית הקסם המקורית ניקול (6),קימברלי קלארק ישראל שיווק בעמ,יח`,,1,10.90,1.82
1225,האגיס חיתולי אקסטרה קר 40 יח,קימברלי קלארק ישראל שיווק בעמ,יח`,,1,44.90,44.90
1226,פריכוז 260 גר` יכין,זנלכל בעמ,יח`,,1,4.90,1.88
1227,רוטב עגבניות 22% יכין (100 גרם),זנלכל בעמ,יח`,,1,1.90,1.90
1228,עגב` קוביות,זנלכל בעמ,יח`,,1,6.90,0.86
1229,אפונת גינה גדולה יכין (550 גרם),זנלכל בעמ,יח`,,1,5.90,1.07
1230,אפונת גינה וגזר יכין (550 גרם),זנלכל בעמ,יח`,,1,5.90,1.07
1231,סירופ דיאט בטעם ענבים יכין (1 ליטר),זנלכל בעמ,יח`,,1,7.90,0.79
1232,תירס לייט יכין (550 גרם),זנלכל בעמ,יח`,,1,6.90,1.25
1233,תפוחי אדמה קלופים יכין (550 גרם),זנלכל בעמ,יח`,,1,6.90,1.25
1234,שעועית לבנה ברוטב עגבניות יכין (580 גרם),זנלכל בעמ,יח`,,1,5.90,1.02
1235,שעועית צ`ילי מקסיקני חריף יכין (550 גרם),זנלכל בעמ,יח`,,1,6.90,1.19
1236,בסיס עגבניות לשקשוקה יכין (570 גרם),זנלכל בעמ,יח`,,1,6.90,1.21
1237,שעועית ירוקה חתוכה יכין (550 גרם),זנלכל בעמ,יח`,,1,6.90,1.25
1238,גרעיני תירס מתוק יכין,זנלכל בעמ,יח`,,1,4.90,1.44
1239,גרעיני תירס מתוק יכין (550 גרם),זנלכל בעמ,יח`,,1,5.90,1.07
1240,רוטב עגבניות 22% יכין (260 גרם),זנלכל בעמ,יח`,,1,3.50,1.35
1241,עגבניות מרוסקות עם שום יכין (800 גרם),זנלכל בעמ,יח`,,1,6.90,0.86
1242,עגב. מרוסקות בזיליקום (800 גרם),זנלכל בעמ,יח`,,1,6.90,0.86
1243,חומוס שלם יכין (550 גרם),זנלכל בעמ,יח`,,1,5.90,1.07
1244,ירקות מעורבים יכין (550 גרם),זנלכל בעמ,יח`,,1,6.90,1.25
1245,תירס בטעם חמאה יכין A2,זנלכל בעמ,יח`,,1,6.90,1.25
1246,תירס קיד גרעיני תירס מתוק יכין (550 גרם),זנלכל בעמ,יח`,,1,6.90,1.25
1247,רוטב לפסטה קלאסי יכין (260 גרם),זנלכל בעמ,יח`,,1,4.90,1.88
1248,עגבניות מרוסקות יכין (260 גרם),זנלכל בעמ,יח`,,1,4.90,1.88
1249,פריכוז רוטב עגבניות 28% יכין (100 גרם),זנלכל בעמ,יח`,,1,3,3
1250,חומץ 5% יכין (1 ליטר),זנלכל בעמ,יח`,,1,5.90,0.59
1251,רוטב לימון משומר לתיבול יכין (1 ליטר),זנלכל בעמ,יח`,,1,7.90,0.79
1252,חומץ סינטטי 5% יכין (1 ליטר),זנלכל בעמ,יח`,,1,4.90,0.49
1253,מארז גרעיני תירס מתוק יכין (165x3 גרם),זנלכל בעמ,יח`,,1,9.90,6
1254,תירס לייט שלשות OZ6,זנלכל בעמ,יח`,,1,9.90,6
1255,סירופ דיאט בטעם לימון יכין (1 ליטר),זנלכל בעמ,יח`,,1,7.90,0.79
1256,סירופ דיאט בטעם פטל יכין (1 ליטר),זנלכל בעמ,יח`,,1,7.90,0.79
1257,סירופ 1 ליטר דיאט אשכולית,זנלכל בעמ,יח`,,1,7.90,0.79
1258,סירופ 1 ליטר דיאט תפוחים,זנלכל בעמ,יח`,,1,7.90,0.79
1259,סירופ דיאט בטעם אננס יכין (1 ליטר),זנלכל בעמ,יח`,,1,7.90,0.79
1260,רסק עגבניות 22% יכין (570 גרם),זנלכל בעמ,יח`,,1,5.90,1.04
1261,עגבניות מרוסקות בצל 260  גר`יכין,זנלכל בעמ,יח`,,1,4.90,1.88
1262,עגבניות קוביות 260 גר`יכין,זנלכל בעמ,יח`,,1,4.90,1.88
1263,רוטב מתובל לשקשוקה יכין (260 גרם),זנלכל בעמ,יח`,,1,4.90,1.88
1264,רוטב ללזניה יכין (260 גרם),זנלכל בעמ,יח`,,1,4.90,1.88
1265,רוטב בולונז יכין (260 גרם),זנלכל בעמ,יח`,,1,4.90,1.88
1266,אורז בסגנון תאילנדי סוגת (1 קג),סוגת תעשיות בעמ,יח`,,1,7.90,0.79
1267,אורז מלא ארוך סוגת (1 קג),סוגת תעשיות בעמ,יח`,,1,10.90,1.09
1268,קמח חיטה מלא סוגת (1 קג),סוגת תעשיות בעמ,יח`,,1,8.90,0.89
1269,אורז בסגנון פרסי קלאסי סוגת (1 קג),סוגת תעשיות בעמ,יח`,,1,9.90,9.90
1270,סוכר לבן סוגת (1 קג),סוגת תעשיות בעמ,יח`,,1,3.90,0.39
1271,אורז ריזוטו עגול סוגת (1 קג),סוגת תעשיות בעמ,יח`,,1,9.90,0.99
1272,בצק עלים צרפתי מרודד מעדנות (1 קג),תנובה קפואים,יח`,,1,21.90,2.19
1273,מלווח מעדנות (6 יח` - 700 גרם),תנובה קפואים,יח`,,1,16.90,2.41
1274,בורקס גבינה מעדנות,תנובה קפואים,יח`,,1,20.90,2.61
1275,בורקס תפוא מעדנות,תנובה קפואים,יח`,,1,19.90,2.49
1276,ריבועי בצק עלים מעדנות,תנובה קפואים,יח`,,1,25,3.13
1277,מרכך כביסה סוד סופט 4 ליטר סגול,גורי שיווק בעמ,יח`,,1,17.90,0.45
1278,מרכך כביסה סוד סופט 4 ליטר לבן,גורי שיווק בעמ,יח`,,1,17.90,0.45
1279,אבקת כביסה פרסיל 1.250 קג`,גורי שיווק בעמ,יח`,,1,14.90,1.19
1280,פרסיל אבקת כביסה 2.5 קג`,גורי שיווק בעמ,יח`,,1,31.90,1.28
1281,קומפקט סוד 1.25  קג`שקית,גורי שיווק בעמ,יח`,,1,11.90,0.95
1282,מרכך כביסה כחול סוד (4 ליטר),גורי שיווק בעמ,יח`,,1,17.90,0.45
1283,משקה קל תפוזים ספרינג (1.5 ליטר),יפאורה,יח`,,1,6.40,0.43
1284,משקה קל מנגו ספרינג (1.5 ליטר),יפאורה,יח`,,1,6.40,0.43
1285,משקה קל אפרסקים ספרינג (1.5 ליטר),יפאורה,יח`,,1,6.40,0.43
1286,ספרינג אשכוליות אננס לייט 1.5 ליטר,יפאורה,יח`,,1,6.40,0.43
1287,נייר טואלט לב מולט) (32,קימברלי קלארק ישראל שיווק בעמ,יח`,,1,26.90,1.45
1288,נייר טואלט לב מולט (48),קימברלי קלארק ישראל שיווק בעמ,יח`,,1,37.90,1.37
1289,האגיס חיתולי אקסטרה קר מידה 5 34,קימברלי קלארק ישראל שיווק בעמ,יח`,,1,44.90,44.90
1290,מגבונים ללא בישום פרימיום טיטולים (72x4),קימברלי קלארק ישראל שיווק בעמ,יח`,,1,19.90,19.90
1291,מיץ לימון משומר עסיס (1 ליטר),קבוצת אסם סחר שות. מוגבלת,יח`,,1,9.90,9.90
1292,חומץ 5% עסיס (1 ליטר),קבוצת אסם סחר שות. מוגבלת,יח`,,1,7.90,7.90
1293,בקבוק קוקה-קולה (1.5 ליטר),החברה המרכזית להפצת משקאות בעמ,יח`,,1,6.50,0.43
1294,סודה קינלי (1.5 ליטר),החברה המרכזית להפצת משקאות בעמ,יח`,,1,4,2.67
1295,בקבוק דיאט קוקה-קולה (1.5 ליטר),החברה המרכזית להפצת משקאות בעמ,יח`,,1,6.50,4.33
1296,מי סודה שוופס (1.5 ליטר),יפאורה,יח`,,1,3.50,0.23
1297,כרית יפנית סנו סושי (6),החברה הדרומית לשיווק בעמ,יח`,,1,11.90,1.98
1298,סנו מדיק עם דמוניות ג`ל לניקוי ידיים 10,החברה הדרומית לשיווק בעמ,יח`,,1,12.90,12.90
1299,מטלית לכל סנו סושי (9),החברה הדרומית לשיווק בעמ,יח`,,1,11.90,1.32
1300,ניילון נצמד סנו סושי (30x2 מטר),החברה הדרומית לשיווק בעמ,יח`,,1,10.90,10.90
1301,קל רסס וכבס סנו (750 מל),החברה הדרומית לשיווק בעמ,יח`,,1,19.90,3.32
1302,שמפו שטיחים ספריי סנו (600 מל),החברה הדרומית לשיווק בעמ,יח`,,1,23.90,3.98
1303,תרסיס רהיט סנו (300 מל),החברה הדרומית לשיווק בעמ,יח`,,1,16.90,5.54
1304,סופר פוליש נוזל לרצפה סנו (1 ליטר),החברה הדרומית לשיווק בעמ,יח`,,1,33.90,33.90
1305,סנובון תות לאסלה סנו (55x3 גרם),החברה הדרומית לשיווק בעמ,יח`,,1,11.90,7.21
1306,סנובון לאסלה לימון סנו (55x3 גרם),החברה הדרומית לשיווק בעמ,יח`,,1,11.90,7.21
1307,סנובון נוזלי 750 מל,החברה הדרומית לשיווק בעמ,יח`,,1,9.90,1.32
1308,אנטי קאלק לאסלה 750 מל,החברה הדרומית לשיווק בעמ,יח`,,1,15.90,2.12
1309,אקונומיקה ז`אוול לימון סנו (4 ליטר),החברה הדרומית לשיווק בעמ,יח`,,1,15.90,0.40
1310,ז`אוול מרסס לניקוי כללי לבנדר סנו (1 ליט,החברה הדרומית לשיווק בעמ,יח`,,1,19.90,19.90
1311,קוטל חרקים קיי 300 סנו (630 מל),החברה הדרומית לשיווק בעמ,יח`,,1,21.90,3.48
1312,סנו ז`אוול מרסס 1 ליטר,החברה הדרומית לשיווק בעמ,יח`,,1,19.90,19.90
1313,סנו k3 פיתיון ג`ל קוטל  נמלים- סנו,החברה הדרומית לשיווק בעמ,יח`,,1,49.90,49.90
1314,ז`אוול מונטבלאן ג`ל לאסלות סנו (750 מל),החברה הדרומית לשיווק בעמ,יח`,,1,9.90,1.32
1315,סושי שקיות אשפה גדולות 50 יח`,החברה הדרומית לשיווק בעמ,יח`,,1,19.90,19.90
1316,קרם לניקוי כללי לימון סנו (750 מל),החברה הדרומית לשיווק בעמ,יח`,,1,11.90,1.59
1317,מש.שיניים אורביטול ילדים,החברה הדרומית לשיווק בעמ,יח`,,1,9.90,6.83
1318,מסיר שומנים פורטה פלוס סנו (750 מל),החברה הדרומית לשיווק בעמ,יח`,,1,16.90,2.25
1319,סנו k3 פיתיון ג`ל קוטל חרקים 10  גר`סנו,החברה הדרומית לשיווק בעמ,יח`,,1,49.90,49.90
1320,קוטל נמלים קיי 800 סנו (300  מל),החברה הדרומית לשיווק בעמ,יח`,,1,16.90,5.63
1321,סנומט דוחה יתושים מילוי סנו) (45,החברה הדרומית לשיווק בעמ,יח`,,1,21.90,21.90
1322,סנובון לאסלה קלאסיק כחול סנו (55x3 גרם),החברה הדרומית לשיווק בעמ,יח`,,1,18.90,11.45
1323,סנו מקסימה 4 ליטר לבן,החברה הדרומית לשיווק בעמ,יח`,,1,19.90,4.98
1324,ג`ל רחצה לגבר אקטיב בלוק קרמה (700 מל),החברה הדרומית לשיווק בעמ,יח`,,1,20.90,2.99
1325,אנטי קלאק מרסס ברזים/ כיורים,החברה הדרומית לשיווק בעמ,יח`,,1,16.90,16.90
1326,אקונומיקה ז`אוול סמיכה סנו (4 ליטר),החברה הדרומית לשיווק בעמ,יח`,,1,15.90,0.40
1327,כרית יפנית לכלים אקטיב סנו סושי (4),החברה הדרומית לשיווק בעמ,יח`,,1,11.90,11.90
1328,סנו מקסימה 1.25 קג`,החברה הדרומית לשיווק בעמ,יח`,,1,13.90,11.12
1329,סנו מקסימה 2.5 קג`,החברה הדרומית לשיווק בעמ,יח`,,1,24.90,9.96
1330,שקיות אשפה לפח 65x54 סנו סושי (60),החברה הדרומית לשיווק בעמ,יח`,,1,22.90,22.90
1331,שקיות סנדביצ`ים סנו סושי (150x2),החברה הדרומית לשיווק בעמ,יח`,,1,13.90,13.90
1332,סושי רדיד אלומיניום צמד,החברה הדרומית לשיווק בעמ,יח`,,1,12.90,12.90
1333,סנו סושי - רדיד אלומיניום צמד 7.5*45,החברה הדרומית לשיווק בעמ,יח`,,1,16.90,16.90
1334,רדיד אלומיניום 100 מטר,החברה הדרומית לשיווק בעמ,יח`,,1,54.90,54.90
1335,טבעול-שניצל תירס 750 גרם,קבוצת אסם סחר שות. מוגבלת,יח`,,1,24.90,3.32
1336,חטיפי כרובית בציפוי פריך טבעול (500 גרם),קבוצת אסם סחר שות. מוגבלת,יח`,,1,31.90,6.38
1337,סלט טונה פיקנטי נון (160 גרם),סטארקיסט דיפלומט היינץ,יח`,,1,6.90,4.31
1338,רביעיות סלט טונה 160  גר`יונה,סטארקיסט דיפלומט היינץ,יח`,,1,17.90,2.80
1339,וופלים מקמח חיטה מלאה מן,רוקחמן בעמ,יח`,,1,5.90,1.18
1340,עוגיות מן דגנים,רוקחמן בעמ,יח`,,1,7.90,3.16
1341,וופל שוקולד מן (200 גרם),רוקחמן בעמ,יח`,,1,4.90,2.45
1342,וופלים לימון מן (200 גרם),רוקחמן בעמ,יח`,,1,4.90,2.45
1343,וופלים 200 גר` קפה מן,רוקחמן בעמ,יח`,,1,4.90,2.45
1344,וופל 200 גר` וניל מן,רוקחמן בעמ,יח`,,1,4.90,2.45
1345,וופל 180 גר` חלבה מן,רוקחמן בעמ,יח`,,1,4.90,2.72
1346,וופלים מצופים מן (1 קג),רוקחמן בעמ,יח`,,1,22.90,22.90
1347,ופלים מצופים מן (22x10 גרם),רוקחמן בעמ,יח`,,1,7.90,3.95
1348,וופל שוקולד מן (500 גרם),רוקחמן בעמ,יח`,,1,8.90,1.78
1349,עוגיות חיטה מלאה מן (300 גרם),רוקחמן בעמ,יח`,,1,6.90,2.30
1350,עוגיות כוכבים בטעם שוקולד מן (300 גרם),רוקחמן בעמ,יח`,,1,6.90,2.30
1351,עוגיות בטעם וניל 300 גר` מן,רוקחמן בעמ,יח`,,1,6.90,2.30
1352,עוגיות חיטה מלאה ללא תוספת סוכר,רוקחמן בעמ,יח`,,1,8.90,4.45
1353,ופלים ללא תוספת סוכר בטעם שוקולד,רוקחמן בעמ,יח`,,1,7.90,4.39
1354,עוגיות גרנולה ללא תוספת סוכר,רוקחמן בעמ,יח`,,1,8.90,4.45
1355,חברים זהבה 3 דובים שוקו,קבוצת אסם סחר שות. מוגבלת,יח`,,1,7.90,3.16
1356,נודלס אטריות ביצים שטוחות אסם (300 גרם),קבוצת אסם סחר שות. מוגבלת,יח`,,1,9.90,3.30
1357,נודלס אטריות מסולסלות אסם (50x4 גרם),קבוצת אסם סחר שות. מוגבלת,יח`,,1,9.90,4.95
1358,ציר עוף קנור (300 גרם),יוניליוור ישראל שיווק בעמ,יח`,,1,25.90,8.63
1359,נקניקיות ביס יחיעם (380 גרם),מעדני יחיעם (1993) בעמ,יח`,,1,10.90,2.87
1360,סלמי סרוולט יחיעם (250 גרם),מעדני יחיעם (1993) בעמ,יח`,,1,34.90,13.96
1361,נקניקיות וינר 1 קג,מעדני יחיעם (1993) בעמ,יח`,,1,19.90,1.99
1362,צ`יפס מובחר תפוגן (700 גרם),קבוצת אסם סחר שות. מוגבלת,יח`,,1,14.90,2.13
1363,טבעות בצל תפוגן (700 גרם),קבוצת אסם סחר שות. מוגבלת,יח`,,1,16.90,2.41
1364,אמריקן צ`יפס תפוגן (1.5 קג),קבוצת אסם סחר שות. מוגבלת,יח`,,1,27.90,18.60
1365,אמריקן צ`יפס 1-2-3 תפוגן (750 גרם),קבוצת אסם סחר שות. מוגבלת,יח`,,1,23.90,3.19
1366,תרכיז טבעי סיידר הגליל (330 מל),טמפו משקאות בעמ,יח`,,1,9.90,2.91
1367,רן אבקת הלבנה,יוניליוור ישראל שיווק בעמ,יח`,,1,21.90,6.26
1368,מרכך כביסה ורוד בדין (4 ליטר),יוניליוור ישראל שיווק בעמ,יח`,,1,19.90,4.98
1369,מרכך כביסה כחול בדין (4 ליטר),יוניליוור ישראל שיווק בעמ,יח`,,1,19.90,4.98
1370,תה ירוק עלים ויסוצקי (125 גרם),תה ויסוצקי (ישראל) בעמ,יח`,,1,14.90,11.92
1371,תה ארל גריי 200 גר`,תה ויסוצקי (ישראל) בעמ,יח`,,1,31.90,15.95
1372,תה קלאסיק ויסוצקי) (25,תה ויסוצקי (ישראל) בעמ,יח`,,1,7.30,19.47
1373,תה קלאסיק ויסוצקי (100),תה ויסוצקי (ישראל) בעמ,יח`,,1,16.90,11.27
1374,תה ארל גריי ויסוצקי) (25,תה ויסוצקי (ישראל) בעמ,יח`,,1,15.90,42.40
1375,תה ארל גריי ויסוצקי (50),תה ויסוצקי (ישראל) בעמ,יח`,,1,27.90,37.20
1376,תה לימון ויסוצקי) (25,תה ויסוצקי (ישראל) בעמ,יח`,,1,16.90,33.80
1377,תה קמומיל בבונג ויסוצקי הגן הקסום) (50,תה ויסוצקי (ישראל) בעמ,יח`,,1,33.90,45.20
1378,תה קסם הקינמון ויסוצקי הגן הקסום) (25,תה ויסוצקי (ישראל) בעמ,יח`,,1,17.50,28
1379,תה הילולי פירות ויסוצקי הגן הקסום) (25,תה ויסוצקי (ישראל) בעמ,יח`,,1,17.50,28
1380,תה עינוגי התפוח ויסוצקי הגן הקסום) (25,תה ויסוצקי (ישראל) בעמ,יח`,,1,17.50,23.33
1381,תה שומר ויסוצקי הגן הקסום) (25,תה ויסוצקי (ישראל) בעמ,יח`,,1,17.50,46.67
1382,תה קמומיל ויסוצקי הגן הקסום) (25,תה ויסוצקי (ישראל) בעמ,יח`,,1,17.50,46.67
1383,תה ירוק נענע ויסוצקי (25),תה ויסוצקי (ישראל) בעמ,יח`,,1,24.90,66.40
1384,תה ירוק לימונית ולואיזה ויסוצקי (25),תה ויסוצקי (ישראל) בעמ,יח`,,1,24.90,66.40
1385,נקניקיות פיקנטיות 400 גר` טירת צבי,תנובה קפואים,יח`,,1,13.90,3.48
1386,סלסולי כתף בקר 120 גר` טירת צבי,תנובה קפואים,יח`,,1,15.90,13.25
1387,סלסולי סלמי איטלקי 120 גר` טירת צבי,תנובה קפואים,יח`,,1,15.90,13.25
1388,דקניקים סלסולי הודו טירת צבי (120 גרם),תנובה קפואים,יח`,,1,15.90,13.25
1389,נקניקיות עוף טירת צבי (400 גרם),תנובה קפואים,יח`,,1,13.90,3.48
1390,נקנקיות מיני מיני עוף 700  גר`טירת צבי,תנובה קפואים,יח`,,1,27.90,3.99
1391,צמד כפרי 800 גר` טירת צבי,תנובה קפואים,יח`,,1,34.90,4.36
1392,כדורי גבינת פטה בשמנים ארומתיים,הגבינות של ניצן,יח`,,1,16.90,7.35
1393,בוטנים מטוגנים קליית גת (200 גרם),ליימן שליסל בעמ,יח`,,1,7.90,3.95
1394,נאש צ אנס שקית 200 גר,ליימן שליסל בעמ,יח`,,1,8.90,4.45
1395,לחם אחיד פרוס (750 גרם פיקוח,שלמה א. אנג`ל בעמ,יח`,,1,6.60,0.88
1396,חלה פרוסה 500  גר`אנג`ל,שלמה א. אנג`ל בעמ,יח`,,1,9.10,1.82
1397,לחם עינן אנגל 750גר,שלמה א. אנג`ל בעמ,יח`,,1,14.90,1.99
1398,לחם עינן קל פרוס אנג`ל (500 גרם),שלמה א. אנג`ל בעמ,יח`,,1,14.80,2.96
1399,חלה קלה 500  גר`אנג`ל,שלמה א. אנג`ל בעמ,יח`,,1,13.80,2.76
1400,חלה רגילה אנג`ל/דגנית (500 גרם) מובי,שלמה א. אנג`ל בעמ,יח`,,1,4.45,0.89
1401,חלה קלועה,שלמה א. אנג`ל בעמ,יח`,,1,4.40,0.88
1402,יוגורט ביו 3% דנונה (200 גרם),שטראוס גרופ בעמ/מצונן,יח`,,1,3.40,1.70
1403,דנונה פרי בר פיצפוצים,שטראוס גרופ בעמ/מצונן,יח`,,1,4.40,2.54
1404,נוזל לניקוי אסלות 00 סנו (1 ליטר),החברה הדרומית לשיווק בעמ,יח`,,1,8.90,8.90
1405,ממרח בטעם שוקולד השחר העולה (500 גרם),השחר העולה תעשית ממתקים בעמ,יח`,,1,12.90,2.58
1406,ממרח בטעם שוקולד השחר העולה (1 קג),השחר העולה תעשית ממתקים בעמ,יח`,,1,23.90,23.90
1407,ממרח פרווה 1 קג` השחר,השחר העולה תעשית ממתקים בעמ,יח`,,1,22.90,22.90
1408,ממרח חצי חצי 350 גר` השחר,השחר העולה תעשית ממתקים בעמ,יח`,,1,11.90,3.40
1409,אבקת קקאו השחר העולה (150 גרם),השחר העולה תעשית ממתקים בעמ,יח`,,1,9.90,6.60
1410,אבקת קקאו השחר העולה (500 גרם),השחר העולה תעשית ממתקים בעמ,יח`,,1,29.90,5.98
1411,טופ פד סופר פלוס 16יח,שקד תבל בעמ,יח`,,1,5.90,5.90
1412,קפה שחור קפה לנדוור (100x3 גרם),קבוצת אסם סחר שות. מוגבלת,יח`,,1,22.90,7.63
1413,קפה לנדוור לבוקר שלישיה,קבוצת אסם סחר שות. מוגבלת,יח`,,1,22.90,7.63
1414,פופקורן פופסטאר חמישייה טבעי,דנשר (1963) בעמ,יח`,,1,16.90,3.38
1415,פופקורן פופסטאר חמישייה חמאה,דנשר (1963) בעמ,יח`,,1,16.90,3.38
1416,גלילונית לפח 60 יח`,דנשר (1963) בעמ,יח`,,1,19.90,19.90
1417,נרות 72 יח,פאלאס תעשיות נטו (2014) בעמ,יח`,,1,19.90,0.28
1418,נר זכרון 48 שעות פאלאס,פאלאס תעשיות נטו (2014) בעמ,יח`,,1,5.90,5.90
1419,נר נשמה 72 שעות,פאלאס תעשיות נטו (2014) בעמ,יח`,,1,6.90,6.90
1420,נר זכרון לשבוע נר ציון,פאלאס תעשיות נטו (2014) בעמ,יח`,,1,11.90,11.90
1421,נרות שבת 4 יח 180 גרם,פאלאס תעשיות נטו (2014) בעמ,יח`,,1,4.90,2.72
1422,נרות שבת 6 יח 180 גר,פאלאס תעשיות נטו (2014) בעמ,יח`,,1,4.90,2.72
1423,נרות שבת 8 יח 180 גר,פאלאס תעשיות נטו (2014) בעמ,יח`,,1,4.90,2.72
1424,נרות שבת 10 יח 180 גר,פאלאס תעשיות נטו (2014) בעמ,יח`,,1,4.90,2.72
1425,נרות שבת 12 יח 180 גר,פאלאס תעשיות נטו (2014) בעמ,יח`,,1,4.90,2.72
1426,נריות בפלסטיק 5 שעות 72 יח,פאלאס תעשיות נטו (2014) בעמ,יח`,,1,24.90,24.90
1427,משקה מוגז בטעם קולה פפסי (1.5 ליטר),טמפו משקאות בעמ,יח`,,1,5.90,0.39
1428,משקה מוגז בטעם ליים סבן אפ (1.5 ליטר),טמפו משקאות בעמ,יח`,,1,5.90,0.39
1429,משקה אורנג` מירנדה (1.5 ליטר),טמפו משקאות בעמ,יח`,,1,5.90,0.39
1430,פפסי סבן אפ דיאט 1.5 ליטר,טמפו משקאות בעמ,יח`,,1,5.90,0.39
1431,פפסי מקס 1.5 ליטר,טמפו משקאות בעמ,יח`,,1,5.90,0.39
1432,פמינה 220 מל,גורי ע.ע.ע בעמ,יח`,,1,22.90,10.41
1433,חמאת בוטנים מתוקה בי & די (350 גרם),בטר אנד דיפרנט בעמ,יח`,,1,12.90,3.69
1434,חמאת בוטנים טבעית בי & די (350 גרם),בטר אנד דיפרנט בעמ,יח`,,1,12.90,3.69
1435,חמאת בוטנים טבעית בי   די (1 קג),בטר אנד דיפרנט בעמ,יח`,,1,25.90,5.08
1436,חמאת שקדים 100% 350 גר`,בטר אנד דיפרנט בעמ,יח`,,1,44.90,44.90
1437,אורז תפוח קל ללא סוכר בי   די (500 גרם),בטר אנד דיפרנט בעמ,יח`,,1,16,3.20
1438,ציפוי לשניצל ללא גלוטן 300 גר`,בטר אנד דיפרנט בעמ,יח`,,1,7.90,2.63
1439,שמרים טריים שמרית (50 גרם),שטראוס גרופ בעמ/מצונן,יח`,,1,4.50,9
1440,בצק פיצה דק מצונן ומוכן לאפייה 415 גר` ש,שטראוס גרופ בעמ/מצונן,יח`,,1,16.90,4.07
1441,בצק עלים מצונן ומוכן לאפייה 300 גר` שימר,שטראוס גרופ בעמ/מצונן,יח`,,1,15.90,5.30
1442,מרגרינה ללא מלח לאפיה ובישול -שמרית,שטראוס גרופ בעמ/מצונן,יח`,,1,4.90,2.45
1443,מרגרינה בטעם חמאה -שמרית,שטראוס גרופ בעמ/מצונן,יח`,,1,4.90,2.45
1444,בייגלה שמונה שמונה 400 גר`,יוניליוור ישראל שיווק בעמ,יח`,,1,10.90,2.73
1445,בייגלה אחד אחד 400 גר`,יוניליוור ישראל שיווק בעמ,יח`,,1,10.90,2.73
1446,גדול גדול 400,יוניליוור ישראל שיווק בעמ,יח`,,1,12.90,3.23
1447,גדול גדול שומשום,יוניליוור ישראל שיווק בעמ,יח`,,1,12.90,3.23
1448,זיתים מנס. ירוק ג.מ. 17-19 שום,קבוצת אסם סחר שות. מוגבלת,יח`,,1,10.90,1.95
1449,זיתים חרוזית ירוק A2,קבוצת אסם סחר שות. מוגבלת,יח`,,1,9.90,1.77
1450,חרוזית בעשבי תיבול בית השיטה (560 גרם),קבוצת אסם סחר שות. מוגבלת,יח`,,1,10.90,1.95
1451,חרוזית מושחר A2,קבוצת אסם סחר שות. מוגבלת,יח`,,1,10.90,1.95
1452,קוקטייל זיתים בית השיטה (560 גרם),קבוצת אסם סחר שות. מוגבלת,יח`,,1,11.90,2.13
1453,זיתים מושחרים טבעות בית השיטה (560 גרם),קבוצת אסם סחר שות. מוגבלת,יח`,,1,10.90,1.95
1454,מלפפון במלח 10-12 A2,קבוצת אסם סחר שות. מוגבלת,יח`,,1,7.90,1.46
1455,מלפפון במלח 13-17 A2,קבוצת אסם סחר שות. מוגבלת,יח`,,1,9.90,3.09
1456,מלפפון במלח בלאדי 13-17,קבוצת אסם סחר שות. מוגבלת,יח`,,1,9.90,2.91
1457,מלפפון בחומץ 10-12 A2,קבוצת אסם סחר שות. מוגבלת,יח`,,1,7.90,2.72
1458,מלפפון בחומץ 13-17 A2,קבוצת אסם סחר שות. מוגבלת,יח`,,1,9.90,3.09
1459,מלפפון בחומץ 18-25 A2,קבוצת אסם סחר שות. מוגבלת,יח`,,1,10.90,3.41
1460,כרוב כבוש בית השיטה (560 גרם),קבוצת אסם סחר שות. מוגבלת,יח`,,1,7.90,1.44
1461,פלפל חריף כבוש שיפקה בית השיטה (560 גרם),קבוצת אסם סחר שות. מוגבלת,יח`,,1,6.90,3
1462,ספריי לגיהוץ קל מריטו (500 מל),ש.שסטוביץ בעמ,יח`,,1,19.90,3.98
1463,חלב 1% בקרטון טרה (1  ליטר)פ,החב` המרכזית - טרה,יח`,,1,5.59,5.59
1464,שמנת חמוצה 15% טרה (200 מל),החב` המרכזית - טרה,יח`,,1,2.28,1.14
1465,גבינה לבנה 5% 250 גר` פיקוח,החב` המרכזית - טרה,יח`,,1,4.75,1.90
1466,גבינת טוב טעם,החב` המרכזית - טרה,יח`,,1,10.90,4.36
1467,גבינה צהובה מגורדת 28% נעם (500 גרם),החב` המרכזית - טרה,יח`,,1,32.90,6.58
1468,שיבולת שועל קוואקר (500 גרם),שטראוס פריטו ליי בעמ,יח`,,1,11.90,2.38
1469,לחמניות חיטה מלאה דגנית עין בר (10),דגנית עין בר תעשיות מזון ואפיה,יח`,,1,11.90,1.59
1470,לחמניות אצבע דגנית עין בר (10),דגנית עין בר תעשיות מזון ואפיה,יח`,,1,11.90,1.59
1471,אלוף הארק 50% 700 מל,יקב הגליל שיווק בעמ,יח`,,1,66.90,9.51
1472,עלית הארק יקב הגליל (700 מל),יקב הגליל שיווק בעמ,יח`,,1,59.90,7.95
1473,מאגדת מצופה דיאט שמינייה,פלקו בעמ,יח`,,1,27,6.75
1474,מאגדת שלגונים ציפוי שוקו 8יח,פלקו בעמ,יח`,,1,24.90,24.90
1475,מאגדת גלית 8 יח`,פלקו בעמ,יח`,,1,19.90,19.90
1476,מאגדת מצופה דיאט שמינייה,פלקו בעמ,יח`,,1,27,6.75
1477,רוטב פטריות אסם (30 גרם),קבוצת אסם סחר שות. מוגבלת,יח`,,1,4.90,16.33
1478,פיתות אסלי ברמן) (10,י.את א. ברמן בעמ,יח`,,1,9.90,0.99
1479,לחמניות שישייה,י.את א. ברמן בעמ,יח`,,1,7.90,1.76
1480,לחמניות אקטיב ברמן,י.את א. ברמן בעמ,יח`,,1,11.90,2.64
1481,דגני קלות פרוס ברמן (500 גרם),י.את א. ברמן בעמ,יח`,,1,12.90,2.58
1482,לחמניה רגילה,י.את א. ברמן בעמ,יח`,,1,1.90,2.53
1483,10 לחמניות בשקית ברמן,י.את א. ברמן בעמ,יח`,,1,9.90,1.32
1484,לחם לבן אחיד פיקוח מוביל,י.את א. ברמן בעמ,יח`,,1,4.85,0.65
1485,חלה רגילה (500 גרם) פיקוח,י.את א. ברמן בעמ,יח`,,1,4.45,0.89
1486,חלה מתוקה,י.את א. ברמן בעמ,יח`,,1,8.90,1.78
1487,סוכרזית דיאט טיפ נוזל,שטראוס גרופ בעמ,יח`,,1,18.90,8.59
1488,יין אדום יבש של סגל (750 מל),טמפו משקאות בעמ,יח`,,1,21,2.76
1489,יין לבן יבש של סגל (750 מל),טמפו משקאות בעמ,יח`,,1,21,2.76
1490,קברנה סוביניון של סגל (750 מל),טמפו משקאות בעמ,יח`,,1,25,3.29
1491,זני של סגל מרלו סגל (750 מל),טמפו משקאות בעמ,יח`,,1,25,3.29
1492,מרום גליל סינגל קברנה סובניון 750 מל,טמפו משקאות בעמ,יח`,,1,39.90,5.28
1493,מרום גליל סינגל מרלו 750מל,טמפו משקאות בעמ,יח`,,1,39.90,5.28
1494,מלח ים יבש מלח הארץ (250 גרם),תה ויסוצקי (ישראל) בעמ,יח`,,1,5.90,2.95
1495,מלח ים יבש מלח הארץ (500 גרם),תה ויסוצקי (ישראל) בעמ,יח`,,1,7.90,1.58
1496,מלח ים יבש מופחת נתרן מלח הארץ (250 גרם),תה ויסוצקי (ישראל) בעמ,יח`,,1,10.50,5.25
1497,מלח הארץ מועשר ביוד 250 גר`,תה ויסוצקי (ישראל) בעמ,יח`,,1,5.90,2.95
1498,מלח עדין מלח הארץ (1 קג),תה ויסוצקי (ישראל) בעמ,יח`,,1,7.20,7.20
1499,מלח גס מלח הארץ (1 קג),תה ויסוצקי (ישראל) בעמ,יח`,,1,7.50,7.50
1500,עוגיות מלוחות המותג (600 גרם),שיבולים מוצרי מאפה - המותג,יח`,,1,11.90,1.98
1501,מיץ תפוזים סחוט טבעי פרימור (1 ליטר),שטראוס גרופ בעמ/מצונן,יח`,,1,16.20,16.20
1502,נקניק סלמי מעושן 7000 זוגלובק (600 גרם),זוגלובק שיווק בעמ,יח`,,1,34.90,4.36
1503,נקניק סלמי בשן זוגלובק (470 גרם),זוגלובק שיווק בעמ,יח`,,1,28.90,4.13
1504,המבורגר זהב,זוגלובק שיווק בעמ,יח`,,1,19.90,4.98
1505,מארז פסטרמה חרמון+תה,זוגלובק שיווק בעמ,יח`,,1,33.90,4.24
1506,סטייק בורגר,זוגלובק שיווק בעמ,יח`,,1,19.90,4.98
1507,בורקס גבינה זוגלובק (16 יח` - 800 גרם),זוגלובק שיווק בעמ,יח`,,1,19.90,2.49
1508,בצק עלים זוגלובק,זוגלובק שיווק בעמ,יח`,,1,19.90,19.90
1509,קריספי סטיקס תירס,זוגלובק שיווק בעמ,יח`,,1,19.90,3.98
1510,נקניקיות עוף זוגלובק (400 גרם),זוגלובק שיווק בעמ,יח`,,1,13.90,3.48
1511,נקניקיות עוף זוגלובק (1 קג),זוגלובק שיווק בעמ,יח`,,1,29.90,29.90
1512,תה מעושן 200,זוגלובק שיווק בעמ,יח`,,1,14.90,7.45
1513,בשר עוף קפוא טחון טיבון ויל (500 גרם),נטו מלינדה סחר בעמ,יח`,,1,12.90,2.58
1514,בשר הודו קפוא טחון טיבון ויל (500 גרם),נטו מלינדה סחר בעמ,יח`,,1,12.90,2.58
1515,בשר טחון-טיבון,נטו מלינדה סחר בעמ,יח`,,1,26.90,5.38
1516,מעדן חלב מלבי גד (160 גרם),מחלבות גד שיווק 1992 בעמ,יח`,,1,5.60,3.50
1517,גבינה צפתית 5% גד (350 גרם),מחלבות גד שיווק 1992 בעמ,יח`,,1,21.90,6.26
1518,גבינה מוצרלה 22% גד (180 גרם),מחלבות גד שיווק 1992 בעמ,יח`,,1,16.90,9.39
1519,גבינה צפתית מעודנת 5% גד (200 גרם),מחלבות גד שיווק 1992 בעמ,יח`,,1,14.90,7.45
1520,מוצרלה מגורדת 22% גד (300 גרם),מחלבות גד שיווק 1992 בעמ,יח`,,1,24.50,8.17
1521,ירח מתוק-גד,מחלבות גד שיווק 1992 בעמ,יח`,,1,5.60,3.73
1522,לבנה בשמן זית-גד - מדף,מחלבות גד שיווק 1992 בעמ,יח`,,1,13.90,5.56
1523,גבינת ריקוטה 5% גד (250 גרם),מחלבות גד שיווק 1992 בעמ,יח`,,1,14.90,5.96
1524,גבינת מסקרפונה 40% גד (250 גרם),מחלבות גד שיווק 1992 בעמ,יח`,,1,21.90,8.76
1525,אדג` ג`ל גילוח 200 מל ירוק,דנשר (1963) בעמ,יח`,,1,19.90,9.95
1526,ג`ל גילוח לעור רגיש אדג` (198 גרם),דנשר (1963) בעמ,יח`,,1,19.90,9.95
1527,אדג` ג`ל לבן לניקוי עור הפנים,דנשר (1963) בעמ,יח`,,1,19.90,9.95
1528,תערובת פיצוחים מובחרת 150 גר` פיצוחי חממ,בוטנת בעמ,יח`,,1,15.90,10.60
1529,מיקס אגוזים טבעי 150גר,בוטנת בעמ,יח`,,1,19.90,13.27
1530,תערובת אגוזים וחמוציות חממה (150 גרם),בוטנת בעמ,יח`,,1,12.90,8.60
1531,חמוציות 200 גר` פיצוחי חממה,בוטנת בעמ,יח`,,1,12.90,6.45
1532,גרעין חמניה 200 גר` חממה,בוטנת בעמ,יח`,,1,5.90,2.95
1533,גרעיני דלעת קלויים פיצוחי חממה (200 גרם),בוטנת בעמ,יח`,,1,7.90,3.95
1534,גרעין דלעת קלוף 100  גר`פיצוחי חממה,בוטנת בעמ,יח`,,1,5.90,5.90
1535,צימוק בהיר 200 גר` פיצוחי חממה,בוטנת בעמ,יח`,,1,9.90,4.95
1536,צימוק כהה 200 גר פיצוחי חממה,בוטנת בעמ,יח`,,1,9.90,4.95
1537,חמוציות ברכז תפוחים 200  גר`פיצוחי חממה,בוטנת בעמ,יח`,,1,14.90,7.45
1538,תמר אמרי 300  גר`פיצוחי חממה,בוטנת בעמ,יח`,,1,12.90,4.30
1539,גרעין אבטיח 200 גר`,בוטנת בעמ,יח`,,1,13.90,6.95
1540,תערובת פיצוחים קלוים ללא מלח פיצוחי חממה,בוטנת בעמ,יח`,,1,19.90,13.27
1541,צנובר פיצוחי חממה (100 גרם),בוטנת בעמ,יח`,,1,26.90,26.90
1542,גרעין חמניה קלוף 100  גר`פיצוחי חממה,בוטנת בעמ,יח`,,1,5.90,5.90
1543,ג.גאודה מעושנת פרוסה 150ג,תנובה - חלב,יח`,,1,25.50,17
1544,יוגורמה בית יצחק,תנובה - חלב,יח`,,1,26.90,3.16
1545,יוגורמה 140 גר,תנובה - חלב,יח`,,1,6,4.29
1546,יוגורט עיזים יוגורמה 140 גר,תנובה - חלב,יח`,,1,6,4.29
1547,משרה יוגורט מחלב עזים 3.6%  שומן( 500 גר,תנובה - חלב,יח`,,1,11.90,2.38
1548,חלבה ללא סוכר עם סיבים ואגוזים,אחדות בעמ,יח`,,1,14.90,3.73
1549,חלבה וניל אחוה (100 גרם),אחדות בעמ,יח`,,1,2.90,2.90
1550,חלבה וניל אחוה (500 גרם),אחדות בעמ,יח`,,1,9.90,1.98
1551,חלבה פיסטוק אחוה (400 גרם),אחדות בעמ,יח`,,1,12.90,3.23
1552,חלבה וניל אחוה (400 גרם),אחדות בעמ,יח`,,1,10.90,2.73
1553,סירופ בטעמים 4 ליטר אחוה,אחדות בעמ,יח`,,1,21.90,5.48
1554,חלבה בקופסא ללא סוכר 11 יח`,אחדות בעמ,יח`,,1,11.90,4.31
1555,חלבה וניל קקאו ואגוזים אחוה (25x12 גרם),אחדות בעמ,יח`,,1,11.90,3.97
1556,טחינה שומשום אורגנית 500 גר`,אחדות בעמ,יח`,,1,11.90,2.38
1557,טחינה גולמית אחוה (1 קג),אחדות בעמ,יח`,,1,19.90,19.90
1558,לחם שחור מעושר פלוס 750  גר`דגנית,דגנית עין בר תעשיות מזון ואפיה,יח`,,1,7.90,1.05
1559,לחם אחיד פרוס דגנית עין בר (750 גרם),דגנית עין בר תעשיות מזון ואפיה,יח`,,1,5.90,0.79
1560,לחם מלא פלוס שיפון דגנית,דגנית עין בר תעשיות מזון ואפיה,יח`,,1,13.90,1.85
1561,לחם חיטה מלאה 750  גר`דגנית,דגנית עין בר תעשיות מזון ואפיה,יח`,,1,13.90,1.85
1562,לחם קל חיטה מלאה 750  גר`דגנית,דגנית עין בר תעשיות מזון ואפיה,יח`,,1,14.90,1.99
1563,לחם שחור פרוס קל 750 גר` דגנית,דגנית עין בר תעשיות מזון ואפיה,יח`,,1,14.50,1.93
1564,לחם שיפון אמיתי קל 750  גר`דגנית,דגנית עין בר תעשיות מזון ואפיה,יח`,,1,14.90,1.99
1565,לחם חיטה מלא +כוסמין דגנית,דגנית עין בר תעשיות מזון ואפיה,יח`,,1,13.90,1.85
1566,לחמניות חצויות ביסים דגנית עין בר) (6,דגנית עין בר תעשיות מזון ואפיה,יח`,,1,8.90,1.98
1567,ספוג הפלא שישייה - shiny,מ.א.ייצור ויבוא מטליות בעמ,יח`,,1,6.90,6.90
1568,כרית יפנית תשיעיה shiny,מ.א.ייצור ויבוא מטליות בעמ,יח`,,1,9.90,110
1569,מי עדן ספורט 1/2 ליטר,יפאורה,יח`,,1,3.50,0.64
1570,מי עדן 250מל. בו,יפאורה,יח`,,1,2.50,0.88
1571,מים מינרלים בייבי מי עדן (250x6 מל),יפאורה,יח`,,1,13.90,8.07
1572,מים מינרלים פקק ספורט מי עדן (500x6 מל),יפאורה,יח`,,1,12.90,0.37
1573,מי עדן 0.75 ליטר ספורט שישייה,יפאורה,יח`,,1,18.70,3.76
1574,מים מינרלים מי עדן (1.5x6 ליטר),יפאורה,יח`,,1,11.90,1.32
1575,נוזל לניקוי חלונות אג`קס (750x2 מל),ש.שסטוביץ בעמ,יח`,,1,24.90,1.66
1576,קולגייט משפחתי זוגות 100 גר` אדומה כשלפ,ש.שסטוביץ בעמ,יח`,,1,19.90,9.95
1577,אלמקס משחת שיניים ילדים 75מל,ש.שסטוביץ בעמ,יח`,,1,14.90,19.87
1578,בונזו  סניור+ 7 3 קג,דיפלומט היינץ,יח`,,1,44.90,14.97
1579,לה קט עוף 2.85קג,דיפלומט היינץ,יח`,,1,69.90,24.53
1580,סטרילי לחיטוי ושטיפה פירות וירקות,סטרילי מעבדות בעמ,יח`,,1,13,1.86
1581,נבטים סיני,א.אדמה (2007) בעמ,יח`,,1,7.90,7.90
1582,ממרח תמרים 450 גר`,מיה תעשיות מזון מ.ת.מ. בעמ,יח`,,1,4.90,1.09
1583,חומוס גדול מיה (1 קג),מיה תעשיות מזון מ.ת.מ. בעמ,יח`,,1,11.90,11.90
1584,אפונה מיה (1 קג),מיה תעשיות מזון מ.ת.מ. בעמ,יח`,,1,7.90,0.79
1585,עדשים אדומות מיה (1 קג),מיה תעשיות מזון מ.ת.מ. בעמ,יח`,,1,11.90,11.90
1586,חיטה 1 קג`,מיה תעשיות מזון מ.ת.מ. בעמ,יח`,,1,6.90,0.69
1587,חומוס לבן ענק מיה (1 קג),מיה תעשיות מזון מ.ת.מ. בעמ,יח`,,1,19.90,19.90
1588,שומשום מיה (400 גרם),מיה תעשיות מזון מ.ת.מ. בעמ,יח`,,1,11.90,2.98
1589,פירורי לחם 400 גר`,מיה תעשיות מזון מ.ת.מ. בעמ,יח`,,1,6.90,1.73
1590,סוכר זהב דמררה 1 קג`,מיה תעשיות מזון מ.ת.מ. בעמ,יח`,,1,11.90,11.90
1591,סחוט 1 ליטר פרימור,שטראוס גרופ בעמ/מצונן,יח`,,1,16.20,16.20
1592,מיץ תפוזים סחוט טבעי פרימור (2 ליטר),שטראוס גרופ בעמ/מצונן,יח`,,1,25.80,12.90
1593,משקה קל לימונענע פרימור (2 ליטר),שטראוס גרופ בעמ/מצונן,יח`,,1,25.80,1.29
1594,סחוט פרימור 2 ליטר,שטראוס גרופ בעמ/מצונן,יח`,,1,25.80,12.90
1595,צמד חמד 700 גר` יחיעם,מעדני יחיעם (1993) בעמ,יח`,,1,25.90,3.70
1596,פסטרמה 100% 250גר`,מעדני יחיעם (1993) בעמ,יח`,,1,24.90,9.96
1597,שווארמה פרגיות 500 גר` טיבון ויל,נטו מלינדה סחר בעמ,יח`,,1,28.90,5.78
1598,שווארמה אמיתית הודו טיבון ויל (500 גרם),נטו מלינדה סחר בעמ,יח`,,1,28.90,5.78
1599,נקניקות צוריסוס קפוא 500 גר,בלדי בעמ,יח`,,1,18.90,3.78
1600,נקה 7 שמפו 750 מל,החברה הדרומית לשיווק בעמ,יח`,,1,10.90,1.45
1601,נוזל כלים 1.5 ליטר נקה,החברה הדרומית לשיווק בעמ,יח`,,1,12.90,0.86
1602,נקה 7 מרכך 750 מל ירוק,החברה הדרומית לשיווק בעמ,יח`,,1,10.90,1.45
1603,ארומה סבון נוזלי 1 ליטר,החברה הדרומית לשיווק בעמ,יח`,,1,12.90,12.90
1604,סבון נוזלי ארומה קמומיל נקה  (17 ליטר),החברה הדרומית לשיווק בעמ,יח`,,1,12.90,12.90
1605,ביצים ארוזות L מ. לסר) (12 פיקוח,מ לסר בעמ - חברה לשיווק ביצים,יח`,,1,11.30,11.30
1606,ביצים 12 יחידות M פיקוח,מ לסר בעמ - חברה לשיווק ביצים,יח`,,1,10.40,10.40
1607,ביצי חופש 12 L,מ לסר בעמ - חברה לשיווק ביצים,יח`,,1,16.90,16.90
1608,טחינה רגילה 500 גר` אל ארז,אגס ירוק מסחר ושירותים בעמ,יח`,,1,14.90,2.98
1609,טחינה משומשום מלא טחינה אל ארז (500 גרם),אגס ירוק מסחר ושירותים בעמ,יח`,,1,15.90,3.18
1610,אקונומיקה סמיכה 4 ליטר טאצ`,סאסאטק אגשח בעמ,יח`,,1,11.90,0.30
1611,אקונומיקה מבושמת 4 ליטר טאצ`,סאסאטק אגשח בעמ,יח`,,1,9.90,0.25
1612,נוזל כלים תפוח 750 מל טאצ,סאסאטק אגשח בעמ,יח`,,1,5.90,5.90
1613,נוזל כלים לבנדר 750 מל טאצ,סאסאטק אגשח בעמ,יח`,,1,5.90,5.90
1614,נוזל רצפות אורנים 4 ליטר טאצ,סאסאטק אגשח בעמ,יח`,,1,13.90,0.35
1615,מרכך כביסה 4 ליטר ורוד,סאסאטק אגשח בעמ,יח`,,1,13.90,0.35
1616,מרכך כביסה 4 ליטר כחול,סאסאטק אגשח בעמ,יח`,,1,13.90,0.35
1617,מרכך כביסה 4 ליטר לבן,סאסאטק אגשח בעמ,יח`,,1,13.90,0.35
1618,נוזל לניקוי חלונות 1 ליטר טאצ,סאסאטק אגשח בעמ,יח`,,1,5.90,0.59
1619,תרסיס מסיר אבנית 750 מל טאצ`,סאסאטק אגשח בעמ,יח`,,1,11.90,1.59
1620,תרסיס מטהר אוויר לימון 300 מל טאצ,סאסאטק אגשח בעמ,יח`,,1,5.90,5.90
1621,ג`ל אסלות אורנית 750 מל טא`צ,סאסאטק אגשח בעמ,יח`,,1,8.90,8.90
1622,נוזל רצפות לבנדר 4 ליטר טאצ,סאסאטק אגשח בעמ,יח`,,1,13.90,0.35
1623,קריסטל 2 ליטר למון ליים,יפאורה,יח`,,1,3.80,1.90
1624,נקטר תות בננה ספרינג (1 ליטר),יפאורה,יח`,,1,5.50,0.55
1625,נקטר מנגו ספרינג (1 ליטר),יפאורה,יח`,,1,5.50,0.55
1626,נקטר אפרסקים ספרינג (1 ליטר),יפאורה,יח`,,1,5.50,0.55
1627,משקה קל לימונענע ספרינג (1 ליטר),יפאורה,יח`,,1,5.50,0.55
1628,נקטר תפוזים ספרינג (1 ליטר),יפאורה,יח`,,1,5.50,0.55
1629,נקטר תפוחים ספרינג (1 ליטר),יפאורה,יח`,,1,5.50,0.55
1630,משקה ענבים מוגז קריסטל (2 ליטר),יפאורה,יח`,,1,3.80,1.90
1631,משקה קל ענבים תפוזינה (1.5 ליטר),יפאורה,יח`,,1,6.50,0.43
1632,מאגדת קרחונים דיאט שמינייה,פלקו בעמ,יח`,,1,22,3.44
1633,מאגדת קרחונים דיאט שמינייה,פלקו בעמ,יח`,,1,22,3.44
1634,שטראוס קרמיסימו,גלידות שטראוס בעמ,יח`,,1,18.90,14.21
1635,שטראוס קרמיסימו שוקולד וניל,גלידות שטראוס בעמ,יח`,,1,18.90,14.21
1636,שטראוס קרמיסימו,גלידות שטראוס בעמ,יח`,,1,18.90,14.21
1637,אלהילאל טחינה 900 גרם,אלאנדלוס לשיווק והפצה בעמ,יח`,,1,24.90,2.77
1638,טחינה עם פטרוזיליה בארכה (500 גרם),קבוצת אסם סחר שות. מוגבלת,יח`,,1,12.90,2.58
1639,חלבה בארכה שאמית+פיסטוק 350 גר`,קבוצת אסם סחר שות. מוגבלת,יח`,,1,14.90,4.26
1640,וופל קלאסי לימון 200 גר` עלמה,רזיט שיווק בעמ,יח`,,1,2.90,1.45
1641,מרגז מיני אקסטרה 500 גר` 8 יח,בלדי בעמ,יח`,,1,27.90,5.58
1642,אריסה ביתית תבליני ביטון יוחאי (250 גרם),נטו מלינדה סחר בעמ,יח`,,1,13.90,5.56
1643,חומץ בלסמי ממודנה,ג.וילי-פוד אינטרנשיונל בעמ,יח`,,1,20.90,4.18
1644,גבינת שמנת 200 גר` 9%,החב` המרכזית - טרה,יח`,,1,11.30,5.65
1645,גבינת קרם שמנת 5% שום שמיר טרה (200 גרם),החב` המרכזית - טרה,יח`,,1,11.30,5.65
1646, קוסקוס- מרוקאי קפוא,מטעמי פאר (א.מ.נ) בעמ,יח`,,1,14.90,1.86
1647,פסטרמה מעודנת על גחלים 300 גר,מעדני יחיעם (1993) בעמ,יח`,,1,24.90,8.30
1648,נקניקיות וינר 400 גרם,מעדני יחיעם (1993) בעמ,יח`,,1,12.90,3.23
1649,נקניקיות חריפות 400 גרם,מעדני יחיעם (1993) בעמ,יח`,,1,12.90,3.23
1650,פסטרמה של פעם 300 גרם לחמ,מעדני יחיעם (1993) בעמ,יח`,,1,26.90,8.97
1651,פסטרמה רומנית 250 גרם לחמ,מעדני יחיעם (1993) בעמ,יח`,,1,26.90,10.76
1652,סלמי מעושן בסגנון איטלקי 300 גרם,מעדני יחיעם (1993) בעמ,יח`,,1,21.90,7.30
1653,בירה בפחית קרלסברג (500 מל),החברה המרכזית להפצת משקאות בעמ,יח`,,1,8.90,1.72
1654,בירה בפחית רד טובורג (500 מל),החברה המרכזית להפצת משקאות בעמ,יח`,,1,8.90,1.72
1655,כפיות לבן 100 יחידות,הנמל אריזות ושיווק (1984) בעמ,יח`,,1,6.90,6.90
1656,כפות לבן 100 יחידות,הנמל אריזות ושיווק (1984) בעמ,יח`,,1,7.90,7.90
1657,כוסות B8 קרטון 50 יח,הנמל אריזות ושיווק (1984) בעמ,יח`,,1,5.90,5.90
1658,מפת שולחן סופגת במיוחד הנמל,הנמל אריזות ושיווק (1984) בעמ,יח`,,1,10,10
1659,נרות חימום בשקית 50 יח הנמל,הנמל אריזות ושיווק (1984) בעמ,יח`,,1,9.90,9.90
1660,מלית אוכמניות הנמל,הנמל אריזות ושיווק (1984) בעמ,יח`,,1,13.90,3.48
1661,ממרח חלבה פוליבה (400 גרם),הנמל אריזות ושיווק (1984) בעמ,יח`,,1,11.90,2.98
1662,צלחות גדולות עבות הנמל (66),הנמל אריזות ושיווק (1984) בעמ,יח`,,1,25.90,25.90
1663,פלאפל פיצוחים 180 גר`,בוטנת בעמ,יח`,,1,10.90,5.45
1664,מיקס פיצוחים פיצוחי חממה (350 גרם),בוטנת בעמ,יח`,,1,10.90,3.11
1665,פקאן סיני פיצוחי חממה (100 גרם),בוטנת בעמ,יח`,,1,16.90,16.90
1666,נקניקיות מרגז,נטו מלינדה סחר בעמ,יח`,,1,19.90,3.98
1667,נקניקיות צוריסוס 500 גר`.,נטו מלינדה סחר בעמ,יח`,,1,19.90,3.98
1668,אקונומיקה ריחנית 4ליטר,קומפלקס כימיקלים בעמ,יח`,,1,9.90,0.25
1669,מאגדת גלידה לייט שוקו 6 יח`,נגה גלידות שותפות מוגבלת,יח`,,1,27.90,8.94
1670,אקונומיקה פיסגה ריחנית סנו (4 ליטר),החברה הדרומית לשיווק בעמ,יח`,,1,9.90,2.48
1671,ביסקוויט פתי בר בטעם חמאה עלית (500 גרם),שטראוס גרופ בעמ,יח`,,1,10.90,2.18
1672,ממרח בטעם שוקולד פרה עלית (500 גרם),שטראוס גרופ בעמ,יח`,,1,11.90,2.38
1673,שוקולד פרה חלב עם עדשים עלית (100 גרם),שטראוס גרופ בעמ,יח`,,1,4.90,4.90
1674,טופי מזל וברכות 850 גר`,שטראוס גרופ בעמ,יח`,,1,15.50,1.82
1675,ציטוס איקס עיגול 60 גר,שטראוס פריטו ליי בעמ,יח`,,1,3.50,5.83
1676,צ יטוס כאפה 55 גר,שטראוס פריטו ליי בעמ,יח`,,1,3.50,6.36
1677,אל סבון נוזלי וניל פמילי (1 ליטר),דנשר (1963) בעמ,יח`,,1,14.90,14.90
1678,אל סבון נוזלי לבנדר פמילי (1 ליטר),דנשר (1963) בעמ,יח`,,1,14.90,14.90
1679,המבורגר 320  גר`בלאק אנגוס מוכשר ארוז,נטו מלינדה סחר בעמ,יח`,,1,24.90,6.23
1680,סטייק בורגר 320  גר`בלאק אנגוס מוכשר אר,נטו מלינדה סחר בעמ,יח`,,1,24.90,6.23
1681,אדג ג`ל גילוח זוג כתום+לבן,דנשר (1963) בעמ,יח`,,1,31.90,7.09
1682,פפריקה מתוקה 400 גר,דין שיווק וקליה בעמ,יח`,,1,17.90,4.48
1683,סלט שום כתוש תבליני ביטון יוחאי (250 גרם,נטו מלינדה סחר בעמ,יח`,,1,13.90,5.56
1684,צלחות גדול 100 יחידות,הנמל אריזות ושיווק (1984) בעמ,יח`,,1,10.90,10.90
1685,שקיות צלייה הנמל (10),הנמל אריזות ושיווק (1984) בעמ,יח`,,1,5.90,5.90
1686,פירורי לחם הנמל (500 גרם),הנמל אריזות ושיווק (1984) בעמ,יח`,,1,5.90,1.18
1687,קליפות הדרים הנמל,הנמל אריזות ושיווק (1984) בעמ,יח`,,1,5.90,5.90
1688,סבון נוזלי הנמל (4 ליטר),הנמל אריזות ושיווק (1984) בעמ,יח`,,1,18.90,4.73
1689,צמר פלדה הנמל,הנמל אריזות ושיווק (1984) בעמ,יח`,,1,3.90,3.90
1690,כוסות ליין 50 יחידות,הנמל אריזות ושיווק (1984) בעמ,יח`,,1,2.50,2.50
1691,צלחות קטן 50 יחידות,הנמל אריזות ושיווק (1984) בעמ,יח`,,1,4.90,0.10
1692,מזלגות לבן 100 יחידות,הנמל אריזות ושיווק (1984) בעמ,יח`,,1,6.90,0.07
1693,צלחות גדול 50 יחידות,הנמל אריזות ושיווק (1984) בעמ,יח`,,1,5.90,5.90
1694,שיפודים 30 סמ הנמל,הנמל אריזות ושיווק (1984) בעמ,יח`,,1,2.90,2.90
1695,מנג`טים מספר 3 הנמל) (130,הנמל אריזות ושיווק (1984) בעמ,יח`,,1,6.90,6.90
1696,דפים לסנדויץ 200  יח`הנמל,הנמל אריזות ושיווק (1984) בעמ,יח`,,1,10.90,10.90
1697,נייר אפיה הנמל 50 יח`,הנמל אריזות ושיווק (1984) בעמ,יח`,,1,11.90,11.90
1698,מפיון קופסא הנמל,הנמל אריזות ושיווק (1984) בעמ,יח`,,1,4,4
1699,סוכר וניל 10*10,הנמל אריזות ושיווק (1984) בעמ,יח`,,1,2.90,2.90
1700,אבקת אפיה 10*10,הנמל אריזות ושיווק (1984) בעמ,יח`,,1,2.90,2.90
1701,רסק עגבניות פתח קל 580 גר` פריניר,אבאל יזמות בעמ,יח`,,1,6.90,1.19
1702,עגבניות מרוסקות 800 גר` פרי ניר,אבאל יזמות בעמ,יח`,,1,6.90,0.86
1703,רסק עגבניות 260 גר` פריניר,אבאל יזמות בעמ,יח`,,1,3.50,1.35
1704,רסק עגבניות 100 גר` פריניר,אבאל יזמות בעמ,יח`,,1,1.50,1.50
1705,גלידת שמנת בטעם וניל קרמל וחתיכות גביעי,מוצרי איכות אמריקאיים בעמ,יח`,,1,19.90,3.98
1706,גלידת פיינטים שוקולד מילק קוקוס בן אנד ג,מוצרי איכות אמריקאיים בעמ,יח`,,1,19.90,3.98
1707,גלידת פיינטים שוקולד בצק עוגיות בן אנד ג,מוצרי איכות אמריקאיים בעמ,יח`,,1,19.90,3.98
1708,לחם אחיד פרוס ודש ברמן (750 גרם),י.את א. ברמן בעמ,יח`,,1,6.60,0.88
1709,לחמניות המבורגר מאפיית ודש 8),י.את א. ברמן בעמ,יח`,,1,11.90,2.98
1710,לחמניות באני`ס ודש ברמן) (6,י.את א. ברמן בעמ,יח`,,1,9.90,2.20
1711,קוסקוס רגיל מזון קוסקוס (350 גרם),הנמל אריזות ושיווק (1984) בעמ,יח`,,1,5.90,1.69
1712,קוסקוס דק מזון קוסקוס (350 גרם),הנמל אריזות ושיווק (1984) בעמ,יח`,,1,5.90,1.69
1713,קוסקוס עבה מזון קוסקוס (350 גרם),הנמל אריזות ושיווק (1984) בעמ,יח`,,1,5.90,1.69
1714,קוסקוס מלא מזון קוסקוס (350 גרם),הנמל אריזות ושיווק (1984) בעמ,יח`,,1,6.90,1.97
1715,איטריות ביצים מס` 8 200 גר`,גורי מוצרי צריכה (1991) בעמ,יח`,,1,6.90,3.29
1716,נודלס אוריינט סיני 300גר,גורי מוצרי צריכה (1991) בעמ,יח`,,1,9.90,3.30
1717,נודלס בסגנון תאילנדי 25% תוספת ( 500 גר`,גורי מוצרי צריכה (1991) בעמ,יח`,,1,9.90,1.98
1718,זיתים ירוקים נובו קבוצת יבנה (540 גרם),קבוצת יבנה מוצרי מזון אגודה שי,יח`,,1,9.90,1.77
1719,זיתים מבוקעים,קבוצת יבנה מוצרי מזון אגודה שי,יח`,,1,9.90,1.77
1720,זיתים סורי שלם,קבוצת יבנה מוצרי מזון אגודה שי,יח`,,1,11.90,2.13
1721,זיתים מנזלינו ירוק A2,קבוצת יבנה מוצרי מזון אגודה שי,יח`,,1,6.90,1.23
1722,זיתים מנזולינו גדול מאוד,קבוצת יבנה מוצרי מזון אגודה שי,יח`,,1,9.90,1.77
1723,זיתים מירנט חתוך ביין,קבוצת יבנה מוצרי מזון אגודה שי,יח`,,1,9.90,1.77
1724,מלפפון במלח 7-9 יבנה,קבוצת יבנה מוצרי מזון אגודה שי,יח`,,1,6.90,1.15
1725,מלפפון במלח 10-12,קבוצת יבנה מוצרי מזון אגודה שי,יח`,,1,7.90,1.32
1726,מלפפון במלח 18-25,קבוצת יבנה מוצרי מזון אגודה שי,יח`,,1,12.90,2.15
1727,מלפפון בחומץ 7-9,קבוצת יבנה מוצרי מזון אגודה שי,יח`,,1,6.90,1.15
1728,מלפפון בחומץ 10-12,קבוצת יבנה מוצרי מזון אגודה שי,יח`,,1,7.90,1.32
1729,מלפפון בחומץ 13-17,קבוצת יבנה מוצרי מזון אגודה שי,יח`,,1,10.90,1.82
1730,מלפפון בחומץ 18-25,קבוצת יבנה מוצרי מזון אגודה שי,יח`,,1,12.90,2.30
1731,זיתים מושחרים טבעות קבוצת יבנה (540 גרם),קבוצת יבנה מוצרי מזון אגודה שי,יח`,,1,9.90,1.83
1732,זיתים גדול 540 גר`,קבוצת יבנה מוצרי מזון אגודה שי,יח`,,1,9.90,1.83
1733,לחמניות אנג`ל) (6,שלמה א. אנג`ל בעמ,יח`,,1,10,2.22
1734,לחם שיפון גרעינים פרוס אחדות (750 גרם),שלמה א. אנג`ל בעמ,יח`,,1,11.90,1.59
1735,לחם שיפון פרוס כפרי אחדות (750 גרם),שלמה א. אנג`ל בעמ,יח`,,1,11.90,1.59
1736,אייסקונפקט 250 גר`,שוקוטרייד בעמ,יח`,,1,18.90,7.56
1737,סלמון מעושן דלידג (100 גרם),נטו מלינדה סחר בעמ,יח`,,1,15.90,15.90
1738,צפתית מעודנת 5% בגביע צוריאל,החב` המרכזית - טרה,יח`,,1,18.20,7.28
1739,דליקט עז 200 גרם צוריאל,החב` המרכזית - טרה,יח`,,1,23.50,13.06
1740,גבינה עיזים 5% למריחה 200 גר`,החב` המרכזית - טרה,יח`,,1,15.90,6.36
1741,בולגרית בקר 5% בגביע 250 גר`,החב` המרכזית - טרה,יח`,,1,22.90,9.16
1742,טבורוג 5% 500גר צוריאל,החב` המרכזית - טרה,יח`,,1,24.90,4.98
1743,בורקס פילו אצבעות בולגרית 700 גר`,נטו מלינדה סחר בעמ,יח`,,1,18.90,2.70
1744,A2 רסק תפוע מתו,זנלכל בעמ,יח`,,1,5.90,1.05
1745,גרעיני תירס מתוק פרי מבורך (400 גרם),זנלכל בעמ,יח`,,1,4.90,1.44
1746,שניצולני דג 600 גר דלידג,נטו מלינדה סחר בעמ,יח`,,1,25,4.17
1747,פיצה איטלקית xl גדולה 450 גר` שלושת האופ,נטו מלינדה סחר בעמ,יח`,,1,19.90,4.42
1748,פיצה איטלקית דקה שלושת האופים 320 גר,נטו מלינדה סחר בעמ,יח`,,1,13.90,4.34
1749,דבש טהור מפרחי בר יד מרדכי (350 גרם),שטראוס גרופ בעמ,יח`,,1,16.90,4.83
1750,דבש דבורים טהור 500גר,שטראוס גרופ בעמ,יח`,,1,26.90,5.38
1751,דבש טהור מפרחי בר יד מרדכי (1 קג),שטראוס גרופ בעמ,יח`,,1,42.90,42.90
1752,עוגיות מזרחיות עם שומשום עבאדי (400 גר),תה ויסוצקי (ישראל) בעמ,יח`,,1,16.90,4.23
1753,קרפלך בשר מטוגן 400 גר`,חמים וטעים בעמ,יח`,,1,11.90,2.98
1754,סיגר בשר 400,חמים וטעים בעמ,יח`,,1,11.90,2.98
1755,קובה בורגול במילוי בשר 400  גר`חמים וטמי,חמים וטעים בעמ,יח`,,1,11.90,2.98
1756,המבורגר קפוא בלדי (400 גרם),בלדי בעמ,יח`,,1,12.90,3.23
1757,קבב כבש קפוא בלדי (400 גרם),בלדי בעמ,יח`,,1,11.90,2.98
1758,קבב מזרחי קפוא בלדי (400 גרם),בלדי בעמ,יח`,,1,11.90,2.98
1759,קבב רומני קפוא בלדי (400 גרם),בלדי בעמ,יח`,,1,11.90,2.98
1760,קמח 1 קג,טחנת קמח רוט קרית גת,יח`,,1,3.70,3.70
1761,סולת 1 קג,טחנת קמח רוט קרית גת,יח`,,1,4.90,4.90
1762,קמח מלא 1 קג,טחנת קמח רוט קרית גת,יח`,,1,4.30,4.30
1763,קמח תופח 1 קג,טחנת קמח רוט קרית גת,יח`,,1,4.30,4.30
1764,שום כתוש דורות (200 גרם),קבוצת אסם סחר שות. מוגבלת,יח`,,1,15.90,7.95
1765,ראשום שום כתוש דורות (200 גרם),קבוצת אסם סחר שות. מוגבלת,יח`,,1,19.90,7.96
1766,קוביות שום כתוש דורות (80 גרם),קבוצת אסם סחר שות. מוגבלת,יח`,,1,13.90,17.38
1767,בזיליקום קצוץ דורות (70 גרם),קבוצת אסם סחר שות. מוגבלת,יח`,,1,10.90,15.57
1768,פטרוזיליה קצוצה דורות (70 גרם),קבוצת אסם סחר שות. מוגבלת,יח`,,1,10.90,15.57
1769,כוסברה קצוצה דורות (70 גרם),קבוצת אסם סחר שות. מוגבלת,יח`,,1,10.90,15.57
1770,דורות תבל לטחינה ביתית תערובת קוביות 70,קבוצת אסם סחר שות. מוגבלת,יח`,,1,10.90,15.57
1771,רדיד אלומיניום 0.86,גורי ע.ע.ע בעמ,יח`,,1,44.90,44.90
1772,סלט סלמון) (2*160 מעושן ויליגר,נטו מלינדה סחר בעמ,יח`,,1,9.90,3.09
1773,בלדי המבורגר מסעדות קצבייה,בלדי בעמ,יח`,,1,24.90,5.19
1774,קונפיטורה ענבי ציון לייט 600 גר` תות שדה,אבאל יזמות בעמ,יח`,,1,23.90,3.98
1775,קונפיטורה ענבי ציון לייט 600 גר` משמש,אבאל יזמות בעמ,יח`,,1,23.90,3.98
1776,קונפיטורה ענבי ציון לייט 600 גר` אוכמניו,אבאל יזמות בעמ,יח`,,1,23.90,3.98
1777,קונפיטורה ענבי ציון 600 גר` דובדבן,אבאל יזמות בעמ,יח`,,1,19.90,2.84
1778,אבקת אפיה מיה (10x10 גרם),מיה תעשיות מזון מ.ת.מ. בעמ,יח`,,1,2.90,2.90
1779,אגוזי מלך 100ג,מיה תעשיות מזון מ.ת.מ. בעמ,יח`,,1,11.90,11.90
1780,קוקוס טחון מיה (100 גרם),מיה תעשיות מזון מ.ת.מ. בעמ,יח`,,1,2.90,2.90
1781,שומשום 100 גר`,מיה תעשיות מזון מ.ת.מ. בעמ,יח`,,1,2.90,2.90
1782,קמח תפוחי אדמה 500 גר`,מיה תעשיות מזון מ.ת.מ. בעמ,יח`,,1,4.90,0.98
1783,גריסים 500 גר` מיה,מיה תעשיות מזון מ.ת.מ. בעמ,יח`,,1,5.90,1.18
1784,שעועית לבנה מיה (500 גרם),מיה תעשיות מזון מ.ת.מ. בעמ,יח`,,1,9.90,1.98
1785,שעועית אדומה מיה (500 גרם),מיה תעשיות מזון מ.ת.מ. בעמ,יח`,,1,11.90,2.38
1786,עדשים אדומות מיה (500 גרם),מיה תעשיות מזון מ.ת.מ. בעמ,יח`,,1,9.90,1.98
1787,כוסמת מיה (500 גרם),מיה תעשיות מזון מ.ת.מ. בעמ,יח`,,1,8,1.60
1788,שקדים 100ג,מיה תעשיות מזון מ.ת.מ. בעמ,יח`,,1,11.90,11.90
1789,אגוזי פאקן 100 ג,מיה תעשיות מזון מ.ת.מ. בעמ,יח`,,1,17.90,17.90
1790,תמצית אפיה בטעם רום כשלפ בדצ העדח,מיה תעשיות מזון מ.ת.מ. בעמ,יח`,,1,3.90,6.50
1791,אבקת סוכר 100 גר`,מיה תעשיות מזון מ.ת.מ. בעמ,יח`,,1,2,2
1792,משקה קל תפוחים ספרינג (1.5 ליטר),יפאורה,יח`,,1,6.40,0.43
1793,משקה קל תפוזים קריסטל (2 ליטר),יפאורה,יח`,,1,3.80,1.90
1794,ג`חנון 650 גר` שלושת האופים,נטו מלינדה סחר בעמ,יח`,,1,16.90,2.60
1795,בצק עלים מרודד שלושת האופים (1 קג),נטו מלינדה סחר בעמ,יח`,,1,18.90,1.89
1796,קונכיות 625  גר`שלושת האופים,נטו מלינדה סחר בעמ,יח`,,1,23.90,3.82
1797,נביעות 500 תו-גוווו,החברה המרכזית להפצת משקאות בעמ,יח`,,1,3.30,0.60
1798,בקבוק נביעות תו-גוו 750,החברה המרכזית להפצת משקאות בעמ,יח`,,1,3.50,0.43
1799,מים בטעם ענבים נביעות פלוס (1.5 ליטר),החברה המרכזית להפצת משקאות בעמ,יח`,,1,7.70,5.13
1800,נביעות פלוס 1.5 ליטר תפוח,החברה המרכזית להפצת משקאות בעמ,יח`,,1,7.70,5.13
1801,מים נביעות 1.5לי,החברה המרכזית להפצת משקאות בעמ,יח`,,1,3.90,2.60
1802,נביעות פלוס 1.5 ליטר אפרסק,החברה המרכזית להפצת משקאות בעמ,יח`,,1,7.70,5.13
1803,שישיית מים מינרלים נביעות (1.5x6 ליטר),החברה המרכזית להפצת משקאות בעמ,יח`,,1,11.90,1.32
1804,נביעות שישיה 0.500 טו גוווווו,החברה המרכזית להפצת משקאות בעמ,יח`,,1,15.70,4.63
1805,שישית נביעות תו-גוו 755,החברה המרכזית להפצת משקאות בעמ,יח`,,1,16.90,5.03
1806,נביעות בייבי 320*6 מל,החברה המרכזית להפצת משקאות בעמ,יח`,,1,13.90,0.63
1807,מים מינרלים נביעות (1 ליטר),החברה המרכזית להפצת משקאות בעמ,יח`,,1,3.20,3.20
1808,דק דק סינטה אל גאוצו,נטו מלינדה סחר בעמ,יח`,,1,24.90,9.96
1809,דק דק אנטריקוט אל גאוצו,נטו מלינדה סחר בעמ,יח`,,1,24.90,9.96
1810,דק דק שניצל בקר 250 גר` טיבון ויל אל גא,נטו מלינדה סחר בעמ,יח`,,1,19.90,7.96
1811,סרדין רוברט בשמן זית,נטו מלינדה סחר בעמ,יח`,,1,8.90,7.42
1812,פומפדור חליטת צמחים ורד הבר והיביסקו חדש,ש.שסטוביץ בעמ,יח`,,1,15.90,53
1813,חליטת צמחים שומר פומפדור) (20,ש.שסטוביץ בעמ,יח`,,1,15.90,39.75
1814,תה מנטה פומפדור) (20,ש.שסטוביץ בעמ,יח`,,1,15.90,35.33
1815,סלסולי פסטרמה שום וצ`ילי 120 גר` טירת צב,תנובה קפואים,יח`,,1,15.90,13.25
1816,סלסולי פסטרמה בדבש טירת צבי (120 גרם),תנובה קפואים,יח`,,1,15.90,13.25
1817,נקניקים קורנדביף 120 גר` טירת צבי,תנובה קפואים,יח`,,1,15.90,13.25
1818,נקניקיות עוף חריפות 1 קג` טירת צבי,תנובה קפואים,יח`,,1,31.90,3.19
1819,סרוולד צרפתי 120 גר` טירת צבי,תנובה קפואים,יח`,,1,27.90,23.25
1820,שמן קנולה מזוכך 6% מילומור (1 ליטר),שמן תעשיות בעמ,יח`,,1,6.90,6.90
1821,שמן קנולה פלוס אומגה 3 עץ הזית (1 ליטר),שמן תעשיות בעמ,יח`,,1,15.90,15.90
1822,ג`חנון אפוי,ציפור השרון יהוד 1990 בעמ,יח`,,1,15.90,2.65
1823,מלווח ציפור השרון (7 יח` - 1 קג),ציפור השרון יהוד 1990 בעמ,יח`,,1,12.90,12.90
1824,ג`חנון בצק ציפור השרון (800 גרם),ציפור השרון יהוד 1990 בעמ,יח`,,1,12.90,1.61
1825,פיצת השף-שגב מאיטליה 320 גר,נטו מלינדה סחר בעמ,יח`,,1,15.90,4.97
1826,מלווח צנעני (900 גרם),צנעני מוצרי בצק בעמ,יח`,,1,17.90,1.99
1827,ג`חנון צנעני (900 גרם),צנעני מוצרי בצק בעמ,יח`,,1,17.90,1.99
1828,קמיל בלו אל  סבון+ מילוי,פישר תעשיות פרמצבטיות בעמ,יח`,,1,15.90,3.18
1829,פלפל שחור שלם 35 גר`,תבליני טעם וריח בעמ,יח`,,1,8.90,25.43
1830,פלפל אנגלי שלם 25 גר`,תבליני טעם וריח בעמ,יח`,,1,5.90,23.60
1831,כוסברה 30 גר`,תבליני טעם וריח בעמ,יח`,,1,5.90,19.67
1832,כורכום 40 גר`,תבליני טעם וריח בעמ,יח`,,1,5.90,14.75
1833,קרי אבקה 40 גר`,תבליני טעם וריח בעמ,יח`,,1,5.90,14.75
1834,קינמון מקלות 15 גר`,תבליני טעם וריח בעמ,יח`,,1,5.90,39.33
1835,קצח 40 גר`,תבליני טעם וריח בעמ,יח`,,1,5.90,14.75
1836,משקה סויה בטעם טבעי אלפרו (1 ליטר),ש.שסטוביץ בעמ,יח`,,1,14.90,1490
1837,אלפרו סויה ללא סוכר 1 ליטר,ש.שסטוביץ בעמ,יח`,,1,14.90,1490
1838,קורנפלקס קלוגס (750 גרם),דיפלומט היינץ,יח`,,1,13.90,1.85
1839,ממרח פסטו מוטי שף (180 גרם),ל.י.ב. (לחיות יותר בטבע) בעמ,יח`,,1,23.90,13.28
1840,טונה ויליגר במים 140 גר רביעייה,נטו מלינדה סחר בעמ,יח`,,1,19.90,4.33
1841,פיצת השף מאיטליה CHEF שגב פסטו ועגבניות,נטו מלינדה סחר בעמ,יח`,,1,14.90,7.45
1842,פיצת השף מאיטליה CHEF שגב אנטיפסטי 220,נטו מלינדה סחר בעמ,יח`,,1,14.90,6.77
1843,פיצת השף מאיטליה CHEF שגב עגבניות ובצל ס,נטו מלינדה סחר בעמ,יח`,,1,14.90,6.77
1844,טבעות בצל 600  גר`שף הטבע,קפוא-זן תעשיות מזון בעמ - תפוג,יח`,,1,12.90,2.15
1845,בשר בקר טחון קפוא בלדי (500 גרם),בלדי בעמ,יח`,,1,15.90,3.18
1846,טחון הודו בלדי 500,בלדי בעמ,יח`,,1,10.90,2.18
1847,טחון עוף בלדי 500,בלדי בעמ,יח`,,1,10.90,2.18
1848,לחם הולנדי פרוס ברמן (1.2 קג),י.את א. ברמן בעמ,יח`,,1,15.20,1.52
1849,לחם דני קל פרוס ברמן (1 קג),י.את א. ברמן בעמ,יח`,,1,14.90,14.90
1850,משקה קל תפוזים תפוזינה (1.5 ליטר),יפאורה,יח`,,1,6.50,0.43
1851,משקה קל אשכוליות תפוזינה (1.5 ליטר),יפאורה,יח`,,1,6.50,0.43
1852,מי טוניק שוופס (1.5 ליטר),יפאורה,יח`,,1,9.90,6.60
1853,משקה ביטר למון שוופס (1.5 ליטר),יפאורה,יח`,,1,9.90,6.60
1854,משקה קל תפוזינה אשכוליות 1.5 ליטר לייט,יפאורה,יח`,,1,6.50,0.43
1855,שמן חמניות ויטמין E 1 ליטר עץ הזית,שמן תעשיות בעמ,יח`,,1,14.90,14.90
1856,שמן זית כתית מעולה 750 מל עץ הזית,שמן תעשיות בעמ,יח`,,1,34.90,4.65
1857,תרסיס מופחת קלוריות בטעם חמאה,שמן תעשיות בעמ,יח`,,1,19.90,9.95
1858,תרסיס שמן זית כתית מעולה ללא תוספת גז 15,שמן תעשיות בעמ,יח`,,1,19.90,13.27
1859,ארוחת נודלס בטעם עוף מג`יק (70 גרם),נטו מלינדה סחר בעמ,יח`,,1,4.90,7
1860,ארוחת נודלס בטעם בשר מג`יק (70 גרם),נטו מלינדה סחר בעמ,יח`,,1,4.90,7
1861,ארוחת נודלס בטעם ירקות מג`יק (70 גרם),נטו מלינדה סחר בעמ,יח`,,1,4.90,7
1862,נוזל לניקוי כלים קלאסי פלמוליב (750 מל),ש.שסטוביץ בעמ,יח`,,1,11.90,1.59
1863,מקלוני צמר גפן בלונס) (200,ש.שסטוביץ בעמ,יח`,,1,5.90,5.90
1864,משחת שיניים ג`ל קולגייט (100 מל),ש.שסטוביץ בעמ,יח`,,1,12.90,9.35
1865,פלמוליב סבון מוצק רביעייה ירוק זית,ש.שסטוביץ בעמ,יח`,,1,16.90,4.23
1866,מלווח ארוז יינון 800 גר`,קפוא-זן תעשיות מזון בעמ - תפוג,יח`,,1,13.90,1.74
1867,ג`חנון ארוז 750  גר`יינון,קפוא-זן תעשיות מזון בעמ - תפוג,יח`,,1,13.90,1.85
1868,בורקס גבינה ינון 800 גר`,קפוא-זן תעשיות מזון בעמ - תפוג,יח`,,1,15.90,1.99
1869,מנטוס גליל פירות,ליימן שליסל בעמ,יח`,,1,3.90,10.40
1870,מנטוס גליל טעם מנטה (37.5 גרם),ליימן שליסל בעמ,יח`,,1,3.90,10.40
1871,מלוואח 700 גר` שלושת האופים,נטו מלינדה סחר בעמ,יח`,,1,14.50,2.07
1872,קבב מיזרחי 400 גר`,נטו מלינדה סחר בעמ,יח`,,1,9.90,2.48
1873,מקלות בורקס פילו תפוא,נטו מלינדה סחר בעמ,יח`,,1,18.90,3.15
1874,סיף פנטסטיק שמפו רצפות 4 ליטר,יוניליוור ישראל שיווק בעמ,יח`,,1,19.90,0.50
1875,מסיר שומנים קר סנט מוריץ (750 מל),קומפלקס כימיקלים בעמ,יח`,,1,13.90,1.85
1876,מבהיק אסלות 750 מל,קומפלקס כימיקלים בעמ,יח`,,1,6.90,6.90
1877,אנטרטיק לניקוי,קומפלקס כימיקלים בעמ,יח`,,1,7.90,7.90
1878,קצף ניקוי כלים סינטריים סנט מוריץ 750 מ,קומפלקס כימיקלים בעמ,יח`,,1,10.90,1.45
1879,מגבוני אקונומיקה בדלי 400 יח סנט מוריץ,קומפלקס כימיקלים בעמ,יח`,,1,24.90,24.90
1880,שמפו כלים 1.5 ליטר ירוק סנט מוריץ,קומפלקס כימיקלים בעמ,יח`,,1,8.90,0.59
1881,סבונומיקה 4 ליטר,קומפלקס כימיקלים בעמ,יח`,,1,11.90,0.30
1882,ניקוי אסלות NO.1,קומפלקס כימיקלים בעמ,יח`,,1,5.90,5.90
1883,טורנדו גרגרים לפתיחת סתימות 200 גר סנט מ,קומפלקס כימיקלים בעמ,יח`,,1,9.90,4.95
1884,מסיר שומנים קר מבושם 750 מל,קומפלקס כימיקלים בעמ,יח`,,1,12.90,1.72
1885,סבון אסלה שלישייה סנט מוריץ,קומפלקס כימיקלים בעמ,יח`,,1,9.90,8.25
1886,שמפו רצפות 4 ליטר לבנדר,קומפלקס כימיקלים בעמ,יח`,,1,11.90,2.98
1887,נוזל לניקוי רצפות סנט מוריץ (4 ליטר),קומפלקס כימיקלים בעמ,יח`,,1,11.90,2.98
1888,קרם גבינה 5% סקי (500 גרם),שטראוס גרופ בעמ/מצונן,יח`,,1,9.50,1.90
1889,יוגורט ביו 0% דנונה (200 גרם),שטראוס גרופ בעמ/מצונן,יח`,,1,3.40,1.70
1890,קרם גבינה 5% סקי (250 גרם),שטראוס גרופ בעמ/מצונן,יח`,,1,4.75,1.90
1891,כרוב אדום במיונז אחלה (500 גרם),שטראוס גרופ בעמ/מצונן,יח`,,1,14.90,2.59
1892,גבינת מון בלאן עיזים 120 גר`,נטו מלינדה סחר בעמ,יח`,,1,12.90,10.75
1893,קוטג` 5% מועשר 250 גר`,החב` המרכזית - טרה,יח`,,1,5.30,2.12
1894,בירה טובורג רד (500 מל),החברה המרכזית להפצת משקאות בעמ,יח`,,1,7.50,1.26
1895,בירה קרלסברג (500 מל),החברה המרכזית להפצת משקאות בעמ,יח`,,1,7.50,1.26
1896,משקה קל ענבים פריגת (1.5 ליטר),החברה המרכזית להפצת משקאות בעמ,יח`,,1,7.20,0.48
1897,משקה קל בטעם תפוזים פריגת (1.5 ליטר),החברה המרכזית להפצת משקאות בעמ,יח`,,1,7.20,0.48
1898,משקה קל אשכוליות פריגת (1.5 ליטר),החברה המרכזית להפצת משקאות בעמ,יח`,,1,7.20,0.48
1899,משקה קל תפוזים לייט פריגת (1.5 ליטר),החברה המרכזית להפצת משקאות בעמ,יח`,,1,7.20,0.48
1900,משקה קל דיאט אשכוליות פריגת (1.5 ליטר),החברה המרכזית להפצת משקאות בעמ,יח`,,1,7.20,0.48
1901,סן מורנו מעדן אוכמניות כחולות 284 גר`,תומר יבוא ושיווק מוצרי מזון (1,יח`,,1,11.90,4.19
1902,סן מורנו מעדן משמש 284 גר`,תומר יבוא ושיווק מוצרי מזון (1,יח`,,1,11.90,4.19
1903,אננס חתוך תומר (850 גרם),תומר יבוא ושיווק מוצרי מזון (1,יח`,,1,6.90,0.84
1904,אננס שלם 825  גר`תומר,תומר יבוא ושיווק מוצרי מזון (1,יח`,,1,6.90,0.84
1905,אגסים חצאים 820  גר`תומר,תומר יבוא ושיווק מוצרי מזון (1,יח`,,1,6.90,0.84
1906,סרדינים בשמן צמחי 125 גר`,תומר יבוא ושיווק מוצרי מזון (1,יח`,,1,3.90,3.12
1907,סרדינים בשמן עם פלפל חריף 125 גר`,תומר יבוא ושיווק מוצרי מזון (1,יח`,,1,3.90,3.12
1908,סרדין מרוקאי בשמן זית 115 גר`,תומר יבוא ושיווק מוצרי מזון (1,יח`,,1,4.90,4.26
1909,סרדין מרוקאי בשמן ולימון,תומר יבוא ושיווק מוצרי מזון (1,יח`,,1,3.90,3.12
1910,פסטרמה ברביקיו דל שומן 360 גר` טירת צבי,תנובה קפואים,יח`,,1,31.90,8.86
1911,בשר בקר טחון לקציצות ולקבב 500 גר`,בלדי בעמ,יח`,,1,11.90,2.38
1912,פולי סויה אדממה בלדי (400 גרם),בלדי בעמ,יח`,,1,5,1.25
1913,שמפוזר קרבונה אדום,יעקב יעקבי ובניו בעמ,יח`,,1,27.90,4.29
1914,סבון אסטוניש בקופסא,יעקב יעקבי ובניו בעמ,יח`,,1,17.90,23.87
1915,עוגיות פרימיום אקלר,אקלר בעמ,יח`,,1,19.90,19.90
1916,נתחי טונה בהירה בשמן ויליגר (140x4 גרם),נטו מלינדה סחר בעמ,יח`,,1,19.90,4.33
1917,שמן תירס 3 ליטר - שוקחא,בני ג`ורג` שוקחה (חיפה) בעמ,יח`,,1,25.90,8.63
1918,אורז יסמין שוקחה (5 קג),בני ג`ורג` שוקחה (חיפה) בעמ,יח`,,1,42.90,8.58
1919,חומוס אחלה 1 קג,שטראוס גרופ בעמ/מצונן,יח`,,1,13.90,0.14
1920,בוטן קלוי קליית גת (200 גרם),ליימן שליסל בעמ,יח`,,1,8.90,4.45
1921,בוטנים אמריקאיים קליית גת (200 גרם),ליימן שליסל בעמ,יח`,,1,6.90,3.45
1922,קבוקים קליית גת (200 גרם),ליימן שליסל בעמ,יח`,,1,6.90,3.45
1923,מיץ סחוט תפוזים טבעי פריגת (1 ליטר),החב` המרכזית - טרה,יח`,,1,16,1.57
1924,ריצפז פרש 2 ליטר אפרסק,החברה הדרומית לשיווק בעמ,יח`,,1,21.90,10.95
1925,ריצפז פרש 2 ליטר יסמין,החברה הדרומית לשיווק בעמ,יח`,,1,21.90,10.95
1926,שוקו 2% יטבתה (2 ליטר),שטראוס גרופ בעמ/מצונן,יח`,,1,20,10
1927,שוקו 2% בבקבוק יטבתה (1 ליטר),שטראוס גרופ בעמ/מצונן,יח`,,1,11.60,11.60
1928,משקה חלב בטעם בננה 2% יטבתה (1 ליטר,שטראוס גרופ בעמ/מצונן,יח`,,1,11.60,11.60
1929,שוקו בננה בקבוק,שטראוס גרופ בעמ/מצונן,יח`,,1,5.30,2.12
1930,שוקו 2% עם פקק ספורט יטבתה (250 מל),שטראוס גרופ בעמ/מצונן,יח`,,1,5.30,2.12
1931,משקה מוקה 2% יטבתה (1 ליטר) פיקו,שטראוס גרופ בעמ/מצונן,יח`,,1,11.60,11.60
1932,שמנת חמוצה 15% יטבתה (100 מל),שטראוס גרופ בעמ/מצונן,יח`,,1,1.90,1.52
1933,שוקו 2% יטבתה (225x8 מל),שטראוס גרופ בעמ/מצונן,יח`,,1,19.90,11.06
1934,חלב מועשר 3% בכד יטבתה 2 ליטר,שטראוס גרופ בעמ/מצונן,יח`,,1,14.90,0.75
1935,משקה חלב אייס קפה 2% יטבתה (1 ליטר פ,שטראוס גרופ בעמ/מצונן,יח`,,1,11.60,11.60
1936,תה ילו לייבל ליפטון (100),יוניליוור ישראל שיווק בעמ,יח`,,1,11.90,7.93
1937,חרדל דיז`ון ריין דה דיז`ון (370 גרם),דיפלומט היינץ,יח`,,1,11.90,3.22
1938,בצק פילאס תורכי שלושת האופים (500 גרם),נטו מלינדה סחר בעמ,יח`,,1,19.90,3.98
1939,פיצה אישית גבינה תפזורת,נטו מלינדה סחר בעמ,יח`,,1,2.50,3.13
1940,נתחוני עוף בתיבול צ`לי מתוק 135 גר`,תנובה קפואים,יח`,,1,24.90,18.44
1941,חזה אווז 100 גר טירת צבי,תנובה קפואים,יח`,,1,25.90,25.90
1942,צמר גפן קוטון סופט (100 גרם),אינטרסן 1996 בעמ,יח`,,1,4.90,4.90
1943,מברשת לבקבוק+מברשת לפיטמה,אינטרסן 1996 בעמ,יח`,,1,6,6
1944,שקיות צליה הוסט 10 יח` בקופסא,אינטרסן 1996 בעמ,יח`,,1,4.90,4.90
1945,צימרוני אוזניים טוליפס) (200,אינטרסן 1996 בעמ,יח`,,1,4,0.02
1946,פדים להסרת איפור,אינטרסן 1996 בעמ,יח`,,1,7.90,7.90
1947,קמח לבן בהיר 1 קג דגן מוביל,טחנות קמח דגן (2006) בעמ,יח`,,1,4.90,4.90
1948,סולת בשקית טחנת קמח דגן (1 קג),טחנות קמח דגן (2006) בעמ,יח`,,1,2.90,2.90
1949,קמח חיטה לבן בדץ טחנת קמח דגן (1 קג),טחנות קמח דגן (2006) בעמ,יח`,,1,2.90,2.90
1950,מארז קוקה-קולה (1.5x6 ליטר),החברה המרכזית להפצת משקאות בעמ,יח`,,1,35.90,3.99
1951,מארז דיאט קוקה-קולה (1.5x6 ליטר),החברה המרכזית להפצת משקאות בעמ,יח`,,1,35.90,3.99
1952,ארוחת נודלס בטעם בשר מג`יק (85 גרם),נטו מלינדה סחר בעמ,יח`,,1,2.90,3.41
1953,ארוחת נודלס בטעם ירקות מג`יק (85 גרם),נטו מלינדה סחר בעמ,יח`,,1,2.90,3.41
1954,ארוחת נודלס בטעם עוף מג`יק (85 גרם),נטו מלינדה סחר בעמ,יח`,,1,2.90,3.41
1955,יוגורט עיזים 3.9% משק צוריאל (150 גרם),החב` המרכזית - טרה,יח`,,1,6.30,4.50
1956,טופו משק צוריאל (300 גרם),החב` המרכזית - טרה,יח`,,1,12.40,4.13
1957,מלח למדיח כלים פיניש (2x2 קג),רקיט בנקיזר (ניר איסט) בעמ,יח`,,1,25.90,6.48
1958,חטיפי מרשמלו יוגטה (180 גרם),ליימן שליסל בעמ,יח`,,1,8.90,8.90
1959,גרעיני חמניה ללא מלח קליית גת (180 גרם),ליימן שליסל בעמ,יח`,,1,6.90,3.83
1960,סילאן קליית גת (900 גרם),ליימן שליסל בעמ,יח`,,1,14.90,1.66
1961,ממרח תמרים קליית גת (450 גרם),ליימן שליסל בעמ,יח`,,1,6.90,1.53
1962,מרשמלו מגולגל יוגטה (180 גרם),ליימן שליסל בעמ,יח`,,1,8.90,8.90
1963,שוקולד מריר 60% צ`וקטה (100x3 גרם),ליימן שליסל בעמ,יח`,,1,9.90,3.30
1964,עוגות אישיות צ`וקטה (30x10 גרם),ליימן שליסל בעמ,יח`,,1,13.90,4.63
1965,צ`וקטה עוגות אישיות בטעם קרמל-מארז עשירי,ליימן שליסל בעמ,יח`,,1,13.90,4.63
1966,תערובת אגוזים וחמוציות150 גר`,ליימן שליסל בעמ,יח`,,1,19.90,13.27
1967,סילאן טבעי קליית גת (710 גרם),ליימן שליסל בעמ,יח`,,1,24.90,3.51
1968,סוכריות טופי ממולאות יוגטה (600 גרם),ליימן שליסל בעמ,יח`,,1,9.90,1.65
1969,עוגת שכבות מלית משמש 400 גרם,ליימן שליסל בעמ,יח`,,1,11.90,2.98
1970,צ`וקטה עוגות אישיות בטעם קוקוס 350 גרם,ליימן שליסל בעמ,יח`,,1,13.90,3.97
1971,צ`וקטה שוקולד מריר מארז שישייה,ליימן שליסל בעמ,יח`,,1,19.90,3.32
1972,אגוזי קשיו קלויים קליית גת (200 גרם),ליימן שליסל בעמ,יח`,,1,22.90,11.45
1973,פקאן טבעי 150 גר,ליימן שליסל בעמ,יח`,,1,21.90,14.60
1974,שוש אפוי חטיף בוטנים עלית (80 גרם),שטראוס פריטו ליי בעמ,יח`,,1,3.50,4.38
1975,קבב מזרחי 500 גר` טיבונוויל,נטו מלינדה סחר בעמ,יח`,,1,20.90,4.18
1976,וורמוט מרטיני אדום 750 מל,מ. אקרמן בעמ,יח`,,1,49.90,6.61
1977,עוגיות סנדוויץ וניל 150 גר` מעדני המלך,רזיט שיווק בעמ,יח`,,1,3.90,2.60
1978,פיתות עשירייה מכבים .,פיתות מכבים י.מ. בעמ,יח`,,1,5.90,5.90
1979,פסטרמה הודו בפפריקה טירת צבי (400 גרם),תנובה קפואים,יח`,,1,31.90,7.98
1980,פסטרמה בדבש 3% שומן טירת צבי (400 גרם),תנובה קפואים,יח`,,1,31.90,7.98
1981,פסטרמה גחלים 400 גר` טירת צבי,תנובה קפואים,יח`,,1,31.90,7.98
1982,פסטרמה ספרדית 360 גר` 2% טירת צבי,תנובה קפואים,יח`,,1,31.90,8.86
1983,פסטרמה איטלקית 360 גר` טירת צבי,תנובה קפואים,יח`,,1,31.90,8.86
1984,סלמי תה משובח 300  גר`טירת צבי,תנובה קפואים,יח`,,1,21.90,7.30
1985,לחם חיטה מלא לילדים דגנית,דגנית עין בר תעשיות מזון ואפיה,יח`,,1,13.90,1.85
1986,לחם ירוק מקמח מלא דגנית עין בר (750 גרם),דגנית עין בר תעשיות מזון ואפיה,יח`,,1,13.90,1.85
1987,חלה רגילה 500גר,דגנית עין בר תעשיות מזון ואפיה,יח`,,1,4.30,0.86
1988,מרגז ארוז 500 גר קצבייה,בלדי בעמ,יח`,,1,27.90,5.58
1989,צ`וריסוס ארוז 600 גר קצביה,בלדי בעמ,יח`,,1,27.90,4.65
1990,קבב ביתי ארוז 600 גר קצביה,בלדי בעמ,יח`,,1,27.90,4.65
1991,קבב רומני ארוז 600 גר קצביה,בלדי בעמ,יח`,,1,27.90,4.65
1992,קבב על מקל קינמון ארוז 520 גר קצביה,בלדי בעמ,יח`,,1,27.90,5.37
1993,דנונה פרי בר פקאן,שטראוס גרופ בעמ/מצונן,יח`,,1,4.40,2.51
1994,קפה שחור עם הל נח`לה אדום (250 גרם),סובחי נחלה ובניו בעמ,יח`,,1,13.90,5.56
1995,קפה שחור בלי הל נח`לה אדום (250 גרם),סובחי נחלה ובניו בעמ,יח`,,1,13.90,5.56
1996,דאודורנט סטיק לגבר ספיד סטיק (56 גרם),ש.שסטוביץ בעמ,יח`,,1,16.90,26.53
1997,פדים להסרת איפור בלונס) (80x3,ש.שסטוביץ בעמ,יח`,,1,19.90,19.90
1998,נטורל פורמולה קרם לחות קלאסי,החברה הדרומית לשיווק בעמ,יח`,,1,21.90,5.48
1999,נטורל פורמולה קרם לחות,החברה הדרומית לשיווק בעמ,יח`,,1,21.90,5.48
2000,נטורל פורמולה קרם לחות,החברה הדרומית לשיווק בעמ,יח`,,1,21.90,5.48
2001,נטורל קרם לחות 400 מל,החברה הדרומית לשיווק בעמ,יח`,,1,21.90,5.48
2002,דליקטס גדול 5 יח הנמל,הנמל אריזות ושיווק (1984) בעמ,יח`,,1,3.90,3.90
2003,צמרוני עץ 200  יח`הנמל,הנמל אריזות ושיווק (1984) בעמ,יח`,,1,2.90,2.90
2004,מרקיות לבן 25 יחידות,הנמל אריזות ושיווק (1984) בעמ,יח`,,1,3.90,0.16
2005,קיסמים הנמל) (300,הנמל אריזות ושיווק (1984) בעמ,יח`,,1,4.90,4.90
2006,גרנולה אגוזים הנמל (400 גרם),הנמל אריזות ושיווק (1984) בעמ,יח`,,1,10,2.50
2007,גרנולה תמרים 400 גר הנמל,הנמל אריזות ושיווק (1984) בעמ,יח`,,1,10,2.50
2008,גפרורים,הנמל אריזות ושיווק (1984) בעמ,יח`,,1,2.90,2.90
2009,שמן זית כתית מעולה 750 מל זיתא,תה ויסוצקי (ישראל) בעמ,יח`,,1,32.90,4.39
2010,ממרח פסטו איטלקי 180 גר` אוליביה,גורי מוצרי צריכה (1991) בעמ,יח`,,1,14.90,7.84
2011,ממרח זיתים ירוקים אוליביה (190 גרם),גורי מוצרי צריכה (1991) בעמ,יח`,,1,13.90,7.32
2012,ממרח עגבניות מיובשות אוליביה (190 גרם),גורי מוצרי צריכה (1991) בעמ,יח`,,1,13.90,7.32
2013,אריסה חריפה אוליביה (185 גרם),גורי מוצרי צריכה (1991) בעמ,יח`,,1,14.90,8.28
2014,חרדל היינץ (255 גרם),דיפלומט היינץ,יח`,,1,11.90,4.67
2015,מאגדת-קורנטו קלאסיק,גלידות שטראוס בעמ,יח`,,1,32.90,10.97
2016,שקדי מרק מנה (400 גרם),ש.שסטוביץ בעמ,יח`,,1,9.90,2.48
2017,פריכונים אורז עם מלח מנה (100 גרם),ש.שסטוביץ בעמ,יח`,,1,4.90,4.90
2018,סרקל מתיר קשרים 340 מל,פישר תעשיות פרמצבטיות בעמ,יח`,,1,25.90,7.62
2019,סרקל שמפו 2 ליטר,פישר תעשיות פרמצבטיות בעמ,יח`,,1,39.90,19.95
2020,סרקל מרכך שיער לילדים דר. פישר (2 ליטר),פישר תעשיות פרמצבטיות בעמ,יח`,,1,39.90,19.95
2021,פטריות חתוך מארז שלישייה,נטו מלינדה סחר בעמ,יח`,,1,9.90,1.14
2022,תמר כבוש 500  גר`ששון,חברת ששון ושות` (פירות יבשים),יח`,,1,11.90,2.38
2023,נתחי טונה בהירה בשמן פוסידון (108x4 גרם),נטו מלינדה סחר בעמ,יח`,,1,19.90,4.61
2024,דק דק אנטריקוט 300 גר` מוצפי מינוט,בלדי בעמ,יח`,,1,34.90,11.63
2025,מינוט שווארמה פרגית 300 גר`,בלדי בעמ,יח`,,1,26.90,8.97
2026,מינוט שניצל 300 גר`,בלדי בעמ,יח`,,1,22.90,7.63
2027,קבב בלדי ארוז 500 גר` קצביה,בלדי בעמ,יח`,,1,27.90,5.58
2028,לבבות דקל שלמים וילי פוד (400 גרם),ג.וילי-פוד אינטרנשיונל בעמ,יח`,,1,8.90,2.23
2029,קוקטייל פירות 850 גר`,ג.וילי-פוד אינטרנשיונל בעמ,יח`,,1,7.90,0.93
2030,חתיכות אננס בסירופ קל וילי פוד (850 גרם),ג.וילי-פוד אינטרנשיונל בעמ,יח`,,1,6.80,0.83
2031,תירס צעיר שלם וילי פוד (410 גרם),ג.וילי-פוד אינטרנשיונל בעמ,יח`,,1,4.90,1.20
2032,לפתן ליצי`ס 560 גר`,ג.וילי-פוד אינטרנשיונל בעמ,יח`,,1,7.90,1.41
2033,מקלוני אורז,ג.וילי-פוד אינטרנשיונל בעמ,יח`,,1,4.90,1.63
2034,דובדבן חמוץ ללא חרצן,ג.וילי-פוד אינטרנשיונל בעמ,יח`,,1,9.90,1.38
2035,חמאה מפינפלד ללא תופסת מלח 500 גר` וילי,ג.וילי-פוד אינטרנשיונל בעמ,יח`,,1,27.90,5.58
2036,דק דק אנטריקוט 300 גר` קפוא פרוס מינוט,בלדי בעמ,יח`,,1,34.90,11.63
2037,משקה קל תות בננה ספרינג (1.5 ליטר),יפאורה,יח`,,1,6.40,0.43
2038,משקה קל תות בננה תפוזינה (1.5 ליטר),יפאורה,יח`,,1,6.50,0.43
2039,משקה קל תפוזינה תפוז 1.5 ליטר לייט,יפאורה,יח`,,1,6.50,0.43
2040,אורז בסמטי קלאסי סוגת (1 קג),סוגת תעשיות בעמ,יח`,,1,13.90,1.39
2041,קוסקוס בינוני סוגת (350 גרם),סוגת תעשיות בעמ,יח`,,1,4.90,1.40
2042,סוכר לבן בצנצנת סוגת (1 קג),סוגת תעשיות בעמ,יח`,,1,7.90,7.90
2043,סוכר דמררה סוגת 1 קג,סוגת תעשיות בעמ,יח`,,1,11.90,1.19
2044,אפונה סוגת (500 גרם),סוגת תעשיות בעמ,יח`,,1,6.90,1.38
2045,גריסים סוגת (500 גרם),סוגת תעשיות בעמ,יח`,,1,5.90,1.18
2046,חומוס סוגת (500 גרם),סוגת תעשיות בעמ,יח`,,1,9.90,1.98
2047,חיטה סוגת (500 גרם),סוגת תעשיות בעמ,יח`,,1,5.90,1.18
2048,כוסמת סוגת (500 גרם),סוגת תעשיות בעמ,יח`,,1,7.90,1.58
2049,עדשים ירוקות סוגת (500 גרם),סוגת תעשיות בעמ,יח`,,1,6.90,1.38
2050,עדשים אדומות סוגת (500 גרם),סוגת תעשיות בעמ,יח`,,1,8.90,1.78
2051,פופקורן סוגת (500 גרם),סוגת תעשיות בעמ,יח`,,1,6.90,1.38
2052,שעועית לבנה יבשה סוגת (500 גרם),סוגת תעשיות בעמ,יח`,,1,12.90,2.58
2053,חומוס ענק סוגת (500 גרם),סוגת תעשיות בעמ,יח`,,1,12.90,2.58
2054,משקה אורנג` פאנטה (1.5 ליטר),החברה המרכזית להפצת משקאות בעמ,יח`,,1,7.70,5.13
2055,משקה קל תות בננה פריגת (1.5 ליטר),החברה המרכזית להפצת משקאות בעמ,יח`,,1,7.20,0.48
2056,משקה דיאט אורנג` פאנטה (1.5 ליטר),החברה המרכזית להפצת משקאות בעמ,יח`,,1,7.70,5.13
2057,קוקוס מיה (400 גרם),מיה תעשיות מזון מ.ת.מ. בעמ,יח`,,1,11.90,2.98
2058,דובדבנים מסוכרים 80  גר`מיה,מיה תעשיות מזון מ.ת.מ. בעמ,יח`,,1,8.90,11.13
2059,חומוס לבן ענק מיה (500 גרם),מיה תעשיות מזון מ.ת.מ. בעמ,יח`,,1,10.90,2.18
2060,גריסי פנינה מיה (500 גרם),מיה תעשיות מזון מ.ת.מ. בעמ,יח`,,1,6.90,1.38
2061,טופו משק גאיה (300 גרם),מחלבות גד שיווק 1992 בעמ,יח`,,1,11.90,3.72
2062,טופו ויילר 300 גר` בטעם פסטו,שטראוס גרופ בעמ/מצונן,יח`,,1,11.90,3.97
2063,טופו ויילר 300 גר`,שטראוס גרופ בעמ/מצונן,יח`,,1,11.90,3.97
2064,חומוס צבר (1 קג),קבוצת אסם סחר שות. מוגבלת,יח`,,1,13.90,1.39
2065,אובלטים 300  גר`עם גריל,שוקוטרייד בעמ,יח`,,1,11.90,3.97
2066,קורנישונים כבושום בחומץ 680  גר`וילי פוד,ג.וילי-פוד אינטרנשיונל בעמ,יח`,,1,9.90,1.43
2067,תיבוליות הודי קנור (8 יח` - 72 גרם),יוניליוור ישראל שיווק בעמ,יח`,,1,9.90,12.38
2068,תיבוליות פטריות קנור (8 יח` - 72 גרם),יוניליוור ישראל שיווק בעמ,יח`,,1,9.90,13.75
2069,קורנפלקס ריבועים של אלופים בדצ קלאסי500,יוניליוור ישראל שיווק בעמ,יח`,,1,19.90,3.98
2070,פתית בסגנון שוודי תלמה (300 גרם),יוניליוור ישראל שיווק בעמ,יח`,,1,17.90,5.97
2071,רוטב סויה סגנון סיני קנור (300 מל),יוניליוור ישראל שיווק בעמ,יח`,,1,12.90,4.30
2072,רוטב טריאקי קנור (300 מל),יוניליוור ישראל שיווק בעמ,יח`,,1,12.90,4.30
2073,סרדינים בשמן צמחי וילי פוד (110 גרם),ג.וילי-פוד אינטרנשיונל בעמ,יח`,,1,5.90,5.36
2074,סרדין בשמן צמחי 110 גר`,ג.וילי-פוד אינטרנשיונל בעמ,יח`,,1,5.90,4.92
2075,אלמנדוס חטיף ספרדי,ליימן שליסל בעמ,יח`,,1,9.90,4.95
2076,שוקולד פרה חלב עם קרם חלב עלית (100 גרם),שטראוס גרופ בעמ,יח`,,1,4.90,4.90
2077,טבלאות פרה במילוי שברי אגוזים,שטראוס גרופ בעמ,יח`,,1,4.90,4.90
2078,חצילים פיקנטי אחלה (500 גרם),שטראוס גרופ בעמ/מצונן,יח`,,1,15.90,2.77
2079,רביולי עם גבינה שטראוס (400 גרם),שטראוס גרופ בעמ/מצונן,יח`,,1,20.90,5.23
2080,טורטלוני מגש,שטראוס גרופ בעמ/מצונן,יח`,,1,20.90,5.23
2081,בסיס להכנת קצפת צמחי ריץ` (212 מל),נטו מלינדה סחר בעמ,יח`,,1,8.90,4.20
2082,קצפת מתוקה מוכנה ספריי ריץ` (250 מל),נטו מלינדה סחר בעמ,יח`,,1,15.90,6.36
2083,קצפת 250 מל פרווה ארוסול,נטו מלינדה סחר בעמ,יח`,,1,15,6
2084,מיני המבורגר ריב אנטריקוט אל גאוצ`ו 320,נטו מלינדה סחר בעמ,יח`,,1,22.90,7.16
2085,מיץ אננס 1 ליטר סחוט 100% פרי ניב,תנובה - פריניב,יח`,,1,16.90,1.66
2086,סחוט 1 ליטר תפוח פרי ניב,תנובה - פריניב,יח`,,1,17.30,1.70
2087,טבעול עוף 700  גר`טופ שף,קפוא-זן תעשיות מזון בעמ - תפוג,יח`,,1,14.90,2.13
2088,מלח שולחן מעולה סלית (1  קג)פיקוח,סוגת תעשיות בעמ,יח`,,1,1.90,1.90
2089,מלח מטבח גס ארזינא (1  קג)פיקוח,סוגת תעשיות בעמ,יח`,,1,1.90,1.90
2090,מטחנה מלח מהרי ההימלאיה,תה ויסוצקי (ישראל) בעמ,יח`,,1,16.90,6.76
2091,מטחנה מלח עשבי תיבול,תה ויסוצקי (ישראל) בעמ,יח`,,1,16.90,6.76
2092,מלח ההימלאיה דק בצנצנת 1 קג`,תה ויסוצקי (ישראל) בעמ,יח`,,1,17.90,17.90
2093,מלח ההימלאיה גס בצנצנת 1 קג`,תה ויסוצקי (ישראל) בעמ,יח`,,1,17.90,17.90
2094,מלח מופחת נתרן בצנצנת 600  גר`מלח הארץ,תה ויסוצקי (ישראל) בעמ,יח`,,1,15.90,2.65
2095,מלח אטלנטי בצנצנת 800  גר`מלח הארץ,תה ויסוצקי (ישראל) בעמ,יח`,,1,18.90,2.36
2096,מלח מעושר ביוד 1 קג קרטון מלח הארץ,תה ויסוצקי (ישראל) בעמ,יח`,,1,4.90,0.49
2097,מלח דק מעושר ביוד 1 קג קרטון מלח הארץ,תה ויסוצקי (ישראל) בעמ,יח`,,1,5.90,0.59
2098,יוגורט כבשים 5% גד (600 גרם),מחלבות גד שיווק 1992 בעמ,יח`,,1,17.90,2.98
2099,ציזיקי 500 מל,מחלבות גד שיווק 1992 בעמ,יח`,,1,10,2
2100,יוגורט עיזים 5% גד (600 גרם),מחלבות גד שיווק 1992 בעמ,יח`,,1,17.90,2.98
2101,יוגורט ביו 3% אננס יופלה (150 גרם),תנובה - חלב,יח`,,1,4.90,3.27
2102,שוקו שוק שקית 225 2%,תנובה - חלב,יח`,,1,2.90,1.29
2103,דיאט יופלה דובדבן,תנובה - חלב,יח`,,1,4.90,3.27
2104,שוקו שישיה,תנובה - חלב,יח`,,1,16.90,1.25
2105,גבינה בולגרית 24% פיראוס (250 גרם),תנובה - חלב,יח`,,1,22.90,9.16
2106,גבינה בולגרית 16% פיראוס (250 גרם),תנובה - חלב,יח`,,1,22.90,9.16
2107,גבינה בולגרית 5% פיראוס (250 גרם),תנובה - חלב,יח`,,1,21.90,8.76
2108,חלב 3% מהדרין תנובה (2 ליטר) פי,תנובה - חלב,יח`,,1,11.88,5.94
2109,יוגורט ביו דיאט 0% אפרסק יופלה (150 גרם),תנובה - חלב,יח`,,1,4.90,3.27
2110,יופלה עוגת גבינה ותות 3%,תנובה - חלב,יח`,,1,4.90,3.27
2111,גבינה בולגרית קוביות 5% פיראוס (200 גרם),תנובה - חלב,יח`,,1,20.90,10.45
2112,פתיתי גבינת פרמזן השף הלבן (100 גרם),תנובה - חלב,יח`,,1,12.20,12.20
2113,גוש חלב פרוס,תנובה - חלב,יח`,,1,13.50,6.75
2114,גבינה צהובה קלאסית 28% עמק (200 גרם),תנובה - חלב,יח`,,1,16.10,8.05
2115,גבינה חמד לייט 5% פיראוס (250 גרם),תנובה - חלב,יח`,,1,17.90,7.16
2116,אצבעות עמק,תנובה - חלב,יח`,,1,16.20,9.42
2117,יוגורט ביו דיאט 0% תות יופלה (150 גרם),תנובה - חלב,יח`,,1,4.90,3.27
2118,קצפת צמחית השף הלבן 500,תנובה - חלב,יח`,,1,13.90,2.78
2119,שמנת 9%,תנובה - חלב,יח`,,1,3.70,1.85
2120,אשל 4.5% מהדרין תנובה (200  מל)פיקו,תנובה - חלב,יח`,,1,1.58,0.79
2121,גיל 3% מהדרין תנובה (200  מל)פיקוח,תנובה - חלב,יח`,,1,1.44,0.72
2122,שמנת חמוצה 15% מהדרין תנובה (200 מל),תנובה - חלב,יח`,,1,2.28,1.14
2123,שמנת חמוצה 15% תנובה (500 מל),תנובה - חלב,יח`,,1,5.70,1.14
2124,שמנת חמוצה 15% תנובה (100 מל),תנובה - חלב,יח`,,1,1.60,1.60
2125,משקה סויה מועשר תנובה (1 ליטר),תנובה - חלב,יח`,,1,9.90,9.90
2126,משקה סויה 1 ליטר וניל על הבוקר,תנובה - חלב,יח`,,1,9.90,9.90
2127,גבינה צהובה קלאסית 28% עמק (400 גרם),תנובה - חלב,יח`,,1,27.80,6.95
2128,טל העמק לייט,תנובה - חלב,יח`,,1,18.90,9.45
2129,יופלה דיאט פירות יער,תנובה - חלב,יח`,,1,4.90,3.27
2130,גבינת קוטג` 3% תנובה (250 גרם),תנובה - חלב,יח`,,1,5.50,2.20
2131,גבינת קוטג` 5% תנובה (250 גרם),תנובה - חלב,יח`,,1,5.50,2.20
2132,גבינת קוטג` 9% תנובה (250 גרם),תנובה - חלב,יח`,,1,5.50,2.20
2133,גבינה לבנה 5% תנובה (500 גרם) פיק,תנובה - חלב,יח`,,1,9.50,1.90
2134,גבינה לבנה 9% תנובה (500 גרם),תנובה - חלב,יח`,,1,9.50,1.90
2135,גבינה לבנה 5% תנובה (750 גרם),תנובה - חלב,יח`,,1,14.25,1.90
2136,גבינה לבנה 0.5% תנובה (500 גרם),תנובה - חלב,יח`,,1,9.50,1.90
2137,גבינת שמנת 5% זיתים 200 גר`,תנובה - חלב,יח`,,1,11.50,5.75
2138,גבינת נפוליאון 225 גר` טבעי גביע,תנובה - חלב,יח`,,1,13.90,6.18
2139,גבינת נפוליאון 225 גר` זית גביע,תנובה - חלב,יח`,,1,13.90,6.18
2140,גבינת נפוליאון 225 גר` שום שמיר גביע,תנובה - חלב,יח`,,1,13.90,6.18
2141,יופלה-קרם יוגורט 1.5%,תנובה - חלב,יח`,,1,4.50,2.25
2142,יופלה לבן שמינייה 3%,תנובה - חלב,יח`,,1,17.50,1.46
2143,משקה סויה במתיקות מופחתת תנובה (1 ליטר),תנובה - חלב,יח`,,1,9.90,9.90
2144,יופלה שמנת עם פירות יער,תנובה - חלב,יח`,,1,4.90,3.27
2145,חלב 3% מהדרין תנובה (1 ליטר),תנובה - חלב,יח`,,1,5.94,5.94
2146,יופלה-קרם יוגורט 3%,תנובה - חלב,יח`,,1,3.90,1.95
2147,יופלה-קרם יוגורט 1.5%,תנובה - חלב,יח`,,1,3.90,1.95
2148,שוקו 30% פחות תוספת סוכר תנובה (1 ליטר),תנובה - חלב,יח`,,1,12.50,12.50
2149,גבינת צפתית מעודנת 5% פיראוס (200 גרם),תנובה - חלב,יח`,,1,14.90,7.45
2150,פיראוס לאבנה גביע 9% 750ג,תנובה - חלב,יח`,,1,26.90,3.59
2151,חלב קרטון 0.8 5% לקפה,תנובה - חלב,יח`,,1,6.90,6.90
2152,יופלה עם דגנים,תנובה - חלב,יח`,,1,5.40,3.60
2153,משקה סויה 1 ליטר דיא,תנובה - חלב,יח`,,1,9.90,9.90
2154,אצבעות עמק,תנובה - חלב,יח`,,1,16.50,9.48
2155,גבינה לבנה 250  גר`3%,תנובה - חלב,יח`,,1,4.75,1.90
2156,יופלה לבן 0% דיאט,תנובה - חלב,יח`,,1,3.90,1.95
2157,מאגדת שמינייה יופלה,תנובה - חלב,יח`,,1,20.90,17.42
2158,חלב קרטון 1 ליטר 3% מועשר על הבוקר,תנובה - חלב,יח`,,1,8.30,8.30
2159,קצפת צמחית בשף הלבן 250,תנובה - חלב,יח`,,1,8.90,3.56
2160,יוגורט ביו 3% בטעם מוקה יופלה (150 גרם),תנובה - חלב,יח`,,1,4.90,3.27
2161,קרלו מיני שמינייה שוקולד,תנובה - חלב,יח`,,1,13.90,1.74
2162,גבינה בולגרית מעודנת 5% פיראוס (250 גרם),תנובה - חלב,יח`,,1,21.90,8.76
2163,פיראוס בולגרית מעודנת 5% אישית מעודנת,תנובה - חלב,יח`,,1,13.90,11.58
2164,ג`לי אננס+חתיכות,תנובה - חלב,יח`,,1,2.60,2.08
2165,ג`לי אפרסק+חתיכות,תנובה - חלב,יח`,,1,2.60,2.08
2166,גבינה צהובה מופחתת שומן 9% עמק (400 גרם),תנובה - חלב,יח`,,1,30.80,7.70
2167,לאבנה אסלית 5% פיראוס (250 גרם),תנובה - חלב,יח`,,1,12.50,5
2168, ליפות/רצועות/וספוגים- מערוב,קונסיגנציה- ש. י גיספאן 1993,יח`,,1,14.90,14.90
2169,כוס אימון מהפכנית רכה טוליפס,אינטרסן 1996 בעמ,יח`,,1,13.90,13.90
2170,זיקוק דק 3 בשקית,שמחה זה אנחנו בעמ,יח`,,1,4.90,4.90
2171,לבבות דקל פרוסות וילי פוד (400 גרם),ג.וילי-פוד אינטרנשיונל בעמ,יח`,,1,6.90,1.73
2172,קומפלטה מלבין חלבי,ג.וילי-פוד אינטרנשיונל בעמ,יח`,,1,12.90,6.45
2173,גבינה בסגנון דנאבלו 100 גר,נטו מלינדה סחר בעמ,יח`,,1,13.90,13.90
2174,אורז בסמטי 1 קג הימליה,נטו מלינדה סחר בעמ,יח`,,1,9.90,0.99
2175,מקלות בורקס פילו גבינה צרפתי -שגב,נטו מלינדה סחר בעמ,יח`,,1,19.90,3.32
2176,גבינת צהובה ריץ פרוסה 400 גר`,נטו מלינדה סחר בעמ,יח`,,1,14.70,3.68
2177,גבינת גאודה 27% עלמה 400  גר`פיקוח,נטו מלינדה סחר בעמ,יח`,,1,14.70,3.68
2178,עלי סיגר מרוקאי 450  גר`לפסטיליה,נטו מלינדה סחר בעמ,יח`,,1,11.90,2.64
2179,קבב כבש 500 גר` טיבונוויל,נטו מלינדה סחר בעמ,יח`,,1,20.90,4.18
2180,המבורגר קינואה 400גרם טבע דלי,ל.י.ב. (לחיות יותר בטבע) בעמ,יח`,,1,22.90,5.73
2181,שווארמה מהצומח טבע דלי (350 גרם),ל.י.ב. (לחיות יותר בטבע) בעמ,יח`,,1,22.90,6.54
2182,סייטן בטעם טבעי טבע דלי (350 גרם),ל.י.ב. (לחיות יותר בטבע) בעמ,יח`,,1,17.90,5.11
2183,המבורגר על האש 400גרם טבע דלי,ל.י.ב. (לחיות יותר בטבע) בעמ,יח`,,1,22.90,5.73
2184,בייגלה גל גל 400 גר`,יוניליוור ישראל שיווק בעמ,יח`,,1,10.90,2.73
2185,נשנושים חטיף תירס בייגל בייגל (325 גרם),יוניליוור ישראל שיווק בעמ,יח`,,1,12.90,3.97
2186,קברנה סוביניון 750 מל D דלתון,הכרם - משקאות חריפים בעמ,יח`,,1,64.90,8.61
2187,מרלו 750 מל D דלתון,הכרם - משקאות חריפים בעמ,יח`,,1,64.90,8.61
2188,יין קברנה שיראז דלתון (750 מל),הכרם - משקאות חריפים בעמ,יח`,,1,48.90,6.48
2189,גלידת פנטזיה שוקו ווניל,גלידות שטראוס בעמ,יח`,,1,23.90,2.66
2190,גמדים רביעייה תות בננה,שטראוס גרופ בעמ/מצונן,יח`,,1,11.40,2.85
2191,גבינת במרקם שמנת 5% סימפוניה (200 גרם),שטראוס גרופ בעמ/מצונן,יח`,,1,11.40,5.70
2192,יוגורט ביו 1.7% דנונה (200 גרם),שטראוס גרופ בעמ/מצונן,יח`,,1,3.40,1.70
2193,דני וניל בודד,שטראוס גרופ בעמ/מצונן,יח`,,1,2.60,2
2194,תירוש אדום 1 ליטר,אגודת הכורמים,יח`,,1,18.20,18.20
2195,פרייבט קולקשן שרדונה יקבי כרמל (750 מל),אגודת הכורמים,יח`,,1,39.90,5.28
2196,לחם קל מחיטה מלאה לחם הארץ (500 גרם),י.את א. ברמן בעמ,יח`,,1,15.50,15.50
2197,לחם חיטה מלאה פרוס לחם הארץ (750 גרם),י.את א. ברמן בעמ,יח`,,1,15.50,2.07
2198,לחם שיפון 100% פרוס לחם הארץ (750 גרם),י.את א. ברמן בעמ,יח`,,1,15.50,2.07
2199,לחם 10 דגנים פרוס לחם הארץ (750 גרם),י.את א. ברמן בעמ,יח`,,1,15.50,2.07
2200,לחם שיפון אגוזים .,י.את א. ברמן בעמ,יח`,,1,15.50,3.10
2201,100% לחם כומסין 500 גר לחם הארץ,י.את א. ברמן בעמ,יח`,,1,15.50,3.10
2202,לחמניות כוסמין 6 יח בשקית מלא 450 גר` E,י.את א. ברמן בעמ,יח`,,1,13.50,3
2203,אל סבון נוזלי אלוורה כיף (1 ליטר),החברה הדרומית לשיווק בעמ,יח`,,1,13.90,1.39
2204,אל סבון נוזלי ג`ינסנג כיף (1 ליטר),החברה הדרומית לשיווק בעמ,יח`,,1,13.90,1.39
2205,אל סבון נוזלי קמומיל כיף (1 ליטר),החברה הדרומית לשיווק בעמ,יח`,,1,13.90,1.39
2206,קרמה קרם ידיים ל,החברה הדרומית לשיווק בעמ,יח`,,1,10.90,10.90
2207,כיף אלסבון שלישיה,החברה הדרומית לשיווק בעמ,יח`,,1,19.90,13.27
2208,סנו מקסימה למייבש 750 מל בלו בלוטום,החברה הדרומית לשיווק בעמ,יח`,,1,19.90,2.65
2209,חלב מרוכז הולנדי וילי פוד (397 גרם),ג.וילי-פוד אינטרנשיונל בעמ,יח`,,1,8.90,2.24
2210,מים עין גדי 2 ליטר בודד,יפאורה,יח`,,1,2.90,1.45
2211,מים מינרלים עין גדי (2x6 ליטר),יפאורה,יח`,,1,11.90,0.99
2212,עין גדי 0.5 ליטר בודד,יפאורה,יח`,,1,1.90,1.90
2213,ספיד סטיק גל בסיסי ספורט פאוור,ש.שסטוביץ בעמ,יח`,,1,16.90,19.88
2214,בקרדי 750 לבן,מ. אקרמן בעמ,יח`,,1,109.90,14.61
2215,ויסקי דיוארס 700 מל,מ. אקרמן בעמ,יח`,,1,99.90,14.23
2216,משחת שיניים דואל קר סנסודיין (75 מל),גורי ע.ע.ע בעמ,יח`,,1,20,26.67
2217,זית ממולא שום צנצנת 215 גר`,ציון תורג`מן בעמ,יח`,,1,14.90,6.93
2218,שלווה בטעמים,ציון תורג`מן בעמ,יח`,,1,8.90,8.90
2219,שלווה בטעמים,ציון תורג`מן בעמ,יח`,,1,8.90,8.90
2220,שלווה בטעמים,ציון תורג`מן בעמ,יח`,,1,8.90,4.45
2221,עמבה 500 גר` תמר,ציון תורג`מן בעמ,יח`,,1,16.90,3.38
2222,פיצפוצי אורז האחים 450 ללא סוכר,ציון תורג`מן בעמ,יח`,,1,16.90,3.76
2223,פיצפוצי אורז האחים 450 גר`,ציון תורג`מן בעמ,יח`,,1,16.90,3.76
2224,מיקס זיתים,קבוצת יבנה מוצרי מזון אגודה שי,יח`,,1,9.90,1.83
2225,חומוס אחלה (125 גרם),שטראוס גרופ בעמ/מצונן,יח`,,1,4.90,3.92
2226,חצילים אחלה יום יום 125 גר`,שטראוס גרופ בעמ/מצונן,יח`,,1,4.90,3.92
2227,טחינה אחלה (125 גרם),שטראוס גרופ בעמ/מצונן,יח`,,1,4.90,3.92
2228,חיוכים שוקו 150,שטראוס גרופ בעמ,יח`,,1,4.90,3.27
2229,ביסקוויט עד חצות מריר 200 גר`,שטראוס גרופ בעמ,יח`,,1,13.90,6.95
2230,מסטיק מאסט,שטראוס גרופ בעמ,יח`,,1,4.90,16.33
2231,תפוצ`יפס 50 גר שמנת בצל,שטראוס פריטו ליי בעמ,יח`,,1,3.90,7.80
2232,חטיף פרה  קראנצ`שוקולד חלבי,שטראוס גרופ בעמ,יח`,,1,6,6
2233,קפה נמס ארומה קלאסי עלית (200 גרם),שטראוס גרופ בעמ,יח`,,1,24.90,12.45
2234,קפה טורקי עלית (200 גרם),שטראוס גרופ בעמ,יח`,,1,15.90,7.95
2235,כוסות ליין 50 יח,פאלאס תעשיות נטו (2014) בעמ,יח`,,1,2.90,2.90
2236,צלחות גדולה לבן קלאסיק 125  גר`פאלאס,פאלאס תעשיות נטו (2014) בעמ,יח`,,1,34.90,0.28
2237,צלחת גדולה לבן 50 יח פאלאס.,פאלאס תעשיות נטו (2014) בעמ,יח`,,1,7.90,7.90
2238,צלחת מרק לבן קלאסיק 125 יח פאלאס,פאלאס תעשיות נטו (2014) בעמ,יח`,,1,26.90,26.90
2239,כוסות לשתיה קרה 100/180,פאלאס תעשיות נטו (2014) בעמ,יח`,,1,5.90,5.90
2240,טונה סטארקיסט במים 160 גר` רביעייה,סטארקיסט דיפלומט היינץ,יח`,,1,25.90,4.05
2241,ס.ק בשמן עם פלפל חריף 160 גרם בי,סטארקיסט דיפלומט היינץ,יח`,,1,8.90,5.56
2242,ס.ק בשמן עם לימון פ.ק 160 גרם בי,סטארקיסט דיפלומט היינץ,יח`,,1,8.90,5.56
2243,ס.ק בשמן עישון פ.ק 160 גרם בי,סטארקיסט דיפלומט היינץ,יח`,,1,8.90,5.56
2244,פותח סתימות DRAIN OUT,יעקב יעקבי ובניו בעמ,יח`,,1,30.90,3.27
2245,פוליבויי ספריי,יעקב יעקבי ובניו בעמ,יח`,,1,14.90,4.97
2246,פסטו פטרוזיליה ונענע אוליביה (180 גרם),גורי מוצרי צריכה (1991) בעמ,יח`,,1,14.90,8.28
2247,רוטב ברביקין 350 גר` אוליביה,גורי מוצרי צריכה (1991) בעמ,יח`,,1,13.90,3.97
2248,מיץ לימון 200 מל,ג.וילי-פוד אינטרנשיונל בעמ,יח`,,1,5.90,2.95
2249,מתז פורטה פלוס לימון 1 ליטר XL סנו,החברה הדרומית לשיווק בעמ,יח`,,1,14.90,1.49
2250,סנומוד paradise,החברה הדרומית לשיווק בעמ,יח`,,1,11.90,7.93
2251,סנו מקסימה למייבש 750 מל,החברה הדרומית לשיווק בעמ,יח`,,1,19.90,2.65
2252,תרסיס לניקוי משטחי נירוסטה סנו (500 מל),החברה הדרומית לשיווק בעמ,יח`,,1,21.90,4.60
2253,מטליות לניקוי בגליל צהוב סנו סושי) (40,החברה הדרומית לשיווק בעמ,יח`,,1,19.90,19.90
2254,דוחה חרקים 2 ליטר,החברה הדרומית לשיווק בעמ,יח`,,1,22.90,11.45
2255,סנו מקסימה 4 ליטר תכלת,החברה הדרומית לשיווק בעמ,יח`,,1,19.90,4.98
2256,מש.שיניים אורביטול שלישיה,החברה הדרומית לשיווק בעמ,יח`,,1,19.90,4.57
2257,סנו מקסימה 4 ליטר כחול,החברה הדרומית לשיווק בעמ,יח`,,1,19.90,4.98
2258,אל סבון נוזלי כיף (1 ליטר),החברה הדרומית לשיווק בעמ,יח`,,1,13.90,1.39
2259,אורביטול מי פה 1 ליטר,החברה הדרומית לשיווק בעמ,יח`,,1,19.90,19.90
2260,תחליב רחצה ויטמין E קרמה (750 מל),החברה הדרומית לשיווק בעמ,יח`,,1,19.90,2.65
2261,מתז פורטה פלוס 1 ליטר XL סנו,החברה הדרומית לשיווק בעמ,יח`,,1,14.90,1.49
2262,ריצפז+דוחה חרקים+ווקס,החברה הדרומית לשיווק בעמ,יח`,,1,25.90,12.95
2263,מפיות נייר סנו סושי (150),החברה הדרומית לשיווק בעמ,יח`,,1,9.90,0.07
2264,פרש אוטומטיק בהתזה קצובה בניחוחח בייבי פ,החברה הדרומית לשיווק בעמ,יח`,,1,13.90,5.56
2265,סנו מקסימה 2.5 קג`,החברה הדרומית לשיווק בעמ,יח`,,1,24.90,9.96
2266,קליר נוזל לניקוי רב תכליתי סנו (1 ליטר),החברה הדרומית לשיווק בעמ,יח`,,1,10.90,10.90
2267,ספוגית הפלא סנו סושי (6),החברה הדרומית לשיווק בעמ,יח`,,1,13.90,13.90
2268,סנו מקסימה 1.25 קג`,החברה הדרומית לשיווק בעמ,יח`,,1,13.90,11.12
2269,סנו מקסימה 4 ליטר סגול,החברה הדרומית לשיווק בעמ,יח`,,1,19.90,4.98
2270,מש.שיניים אורביטול ילדים,החברה הדרומית לשיווק בעמ,יח`,,1,7.90,11.29
2271,סנובון לאסלה כחול תפוח סנו (55x3 גרם),החברה הדרומית לשיווק בעמ,יח`,,1,18.90,11.45
2272,מגבת הפלא סנו סושי (6),החברה הדרומית לשיווק בעמ,יח`,,1,10.90,1.91
2273,כיף ג`ל 1 ליטר,החברה הדרומית לשיווק בעמ,יח`,,1,19.90,1.99
2274,סנו אוקסיג`ן מרסס מסיר כתמים,החברה הדרומית לשיווק בעמ,יח`,,1,19.90,2.65
2275,פוליויקס 2 ליטר,החברה הדרומית לשיווק בעמ,יח`,,1,23.90,11.95
2276,מלבי חלבי 165 גר` עדן קינוחים,תנובה - חלב,יח`,,1,6.90,4.18
2277,בוואריה 95  גר`עדן קינוחים,תנובה - חלב,יח`,,1,6.90,7.26
2278,מארז קדאיף 82  גר`עדן קינוחים,תנובה - חלב,יח`,,1,6.90,5.56
2279,עוגת גבינה פרורים 92  גר`עדן קינוחים,תנובה - חלב,יח`,,1,6.90,7.50
2280,עוגת גבינה פרורים לייט 78  גר`עדן קינוחי,תנובה - חלב,יח`,,1,6.90,6.90
2281,מעדן טירמיסו 82  גר`עדן קינוחים,תנובה - חלב,יח`,,1,6.90,8.41
2282,מוס שוקולד 75  גר`עדן קינוחים תנובה,תנובה - חלב,יח`,,1,6.90,5.56
2283,קרם ידיים פנינה,פנינה רוזנבלום בעמ,יח`,,1,9.90,9.90
2284,עוגיות מיני קוקיס חמאה כרמית (600 גרם),כרמית תעשיות ממתקים בעמ,יח`,,1,17.90,2.98
2285,מרשמלו מסיבה 180 גר פינוקים,ציון תורג`מן בעמ,יח`,,1,5.90,3.28
2286,פיצה משפחתית גבינה מעדנות (500 גרם),תנובה קפואים,יח`,,1,23.90,4.78
2287,פיצה משפחתית זיתים מעדנות (550 גרם),תנובה קפואים,יח`,,1,25.90,4.71
2288,משקה קל לימונדה תפוזינה (1.5 ליטר),יפאורה,יח`,,1,6.50,0.43
2289,משקה תפוח קריסטל (2 ליטר),יפאורה,יח`,,1,3.80,1.90
2290,דבש לחיץ 400 גר` יד מרדכי,שטראוס גרופ בעמ,יח`,,1,22,5.50
2291,גזוז בטעם ענבים 1.5 ליטר פאנטה,החברה המרכזית להפצת משקאות בעמ,יח`,,1,7.70,7.70
2292,צנונית ארוזה,א.אדמה (2007) בעמ,יח`,,1,6.90,6.90
2293,בונזו מולטי-פק  *3 410 גרם,דיפלומט היינץ,יח`,,1,18.90,15.24
2294,דניאלה מעדן בטעם וניל שטראוס (88 גרם),שטראוס גרופ בעמ/מצונן,יח`,,1,4,2.67
2295,קרם גבינה 3% בטעם וניל סקי (125 גרם),שטראוס גרופ בעמ/מצונן,יח`,,1,3.70,2.96
2296,קרם גבינה 5% סקי (125 גרם),שטראוס גרופ בעמ/מצונן,יח`,,1,3.10,2.48
2297,יוגורט ביו 3% דנונה (150x8 גרם),שטראוס גרופ בעמ/מצונן,יח`,,1,16.80,14
2298,סימפוניה +5%זיתים,שטראוס גרופ בעמ/מצונן,יח`,,1,11.40,5.70
2299,מילקי טופ מגולגלת,שטראוס גרופ בעמ/מצונן,יח`,,1,4.60,3.54
2300,מכבי חוזר 7.9 500 מל בקבוק,טמפו משקאות בעמ,יח`,,1,7.90,1.34
2301,מים מינרלים סאן בנדטו (1.5x6 ליטר),טמפו משקאות בעמ,יח`,,1,16.90,1.88
2302,סאן בנדטו מוגז 1.5 ליטר שישיה,טמפו משקאות בעמ,יח`,,1,15.90,1.77
2303,פפסי מקס 1.5 ליטר שמינייה,טמפו משקאות בעמ,יח`,,1,29.90,3.32
2304,ממרח פסטו קלאסי 220,נטו מלינדה סחר בעמ,יח`,,1,19,10
2305,הר חרמון לבן יקב רמת הגולן (750 מל),היכל היין שקד גולן בעמ,יח`,,1,30.90,4.08
2306,יוגורט עיזים 3% לשתיה גד (500 מל),מחלבות גד שיווק 1992 בעמ,יח`,,1,13.90,2.78
2307,גבינה בולגרית למריחה 5% גד (250 גרם),מחלבות גד שיווק 1992 בעמ,יח`,,1,16.90,6.76
2308,לאבנה 5% גד (250 גרם),מחלבות גד שיווק 1992 בעמ,יח`,,1,11.90,4.76
2309,פסטרמה הודו של פעם בתיבול שוארמה 300 גר`,מעדני יחיעם (1993) בעמ,יח`,,1,26.90,8.97
2310,נקניקיות צרפתיות פרימיום 280 גר` יחיעם,מעדני יחיעם (1993) בעמ,יח`,,1,22.90,8.18
2311,נקניקיות צוריסו פרימיום 280 גר` יחיעם,מעדני יחיעם (1993) בעמ,יח`,,1,22.90,8.18
2312,פנינה אל סבון 1 ליטר כחול,פנינה רוזנבלום בעמ,יח`,,1,10.90,10.90
2313,מאגדת מצופה דיאט שמינייה,פלקו בעמ,יח`,,1,27,4.22
2314,מאגדת מצופה דיאט שמינייה,פלקו בעמ,יח`,,1,27,4.22
2315,מאגדת קרחונים דיאט שמינייה,פלקו בעמ,יח`,,1,22,3.44
2316,משקה קל ענבים ג`אמפ (1.5 ליטר),טמפו משקאות בעמ,יח`,,1,5.50,0.37
2317,מים מינרלים סאן בנדטו (500x6 מל),טמפו משקאות בעמ,יח`,,1,13.70,0.40
2318,שקדים טבעיים קליית גת (200 גרם),ליימן שליסל בעמ,יח`,,1,20.90,10.45
2319,מיץ תפוזים מרוכז קפוא פריגת (345 גרם),החב` המרכזית - טרה,יח`,,1,11.90,3.50
2320,פריגת קפוא לימונענע,החב` המרכזית - טרה,יח`,,1,11.90,3.50
2321,תה ירוק תפוח וקינמון ויסוצקי) (25,תה ויסוצקי (ישראל) בעמ,יח`,,1,24.90,66.40
2322,תה ירוק סיני ויסוצקי (25),תה ויסוצקי (ישראל) בעמ,יח`,,1,24.90,66.40
2323,תה ירוק נענע ויסוצקי (50),תה ויסוצקי (ישראל) בעמ,יח`,,1,44.90,59.87
2324,מיני בורקס תפוח אדמה מעדנות (800 גרם),תנובה קפואים,יח`,,1,24,3.69
2325,מיני בורקס במילוי גבינה מעדנות (800 גרם),תנובה קפואים,יח`,,1,25.90,3.24
2326,מיני ג`חנון אפוי 600 גר` מעדנות,תנובה קפואים,יח`,,1,22.90,3.82
2327,מעדנות חטיפי פיצה,תנובה קפואים,יח`,,1,33,5.08
2328,בצק עלים חמאה חלבי מעדנות (600 גרם),תנובה קפואים,יח`,,1,29,4.83
2329,עוגת שמרים שוקולד לחמי (380 גרם),תה ויסוצקי (ישראל) בעמ,יח`,,1,17.90,3.98
2330,רביולי גבינה לילדים פסטה נונה (400 גרם),מחלבות גד שיווק 1992 בעמ,יח`,,1,23.90,5.98
2331,רביולי פרמזן ריקוטה פסטה נונה (400 גרם),מחלבות גד שיווק 1992 בעמ,יח`,,1,23.90,5.98
2332,רביולי בטטה פסטה נונה (400 גרם),מחלבות גד שיווק 1992 בעמ,יח`,,1,23.90,5.98
2333,רביולי פטריות ופרמזן פסטה נונה (400 גרם),מחלבות גד שיווק 1992 בעמ,יח`,,1,23.90,5.98
2334,רביולי תרד וריקוטה פסטה נונה (400 גרם),מחלבות גד שיווק 1992 בעמ,יח`,,1,23.90,5.98
2335,גרעין לבן 200  גר`ששון הקולה,דין שיווק וקליה בעמ,יח`,,1,8.90,4.45
2336,גרעין אבטיח 200 גרם ששון הקולה,דין שיווק וקליה בעמ,יח`,,1,12.90,6.45
2337,קונפיטורת תות יד מרדכי 340 גר`,שטראוס גרופ בעמ,יח`,,1,14.90,4.38
2338,גרנולה צימוקים קוקוס 400  גר`תמר,ציון תורג`מן בעמ,יח`,,1,14.90,3.73
2339,גרנולה שקדים ללא סוכר 400  גר`תמר,ציון תורג`מן בעמ,יח`,,1,14.90,3.73
2340,אובלטים קימל 282 גר` האחים,ציון תורג`מן בעמ,יח`,,1,9.90,3.51
2341,אובלטים שומשום 282 גר` האחים,ציון תורג`מן בעמ,יח`,,1,9.90,3.51
2342,גבינה מוצרלה בייבי 18% גד (150 גרם),מחלבות גד שיווק 1992 בעמ,יח`,,1,14.90,8.76
2343,בולגרית פרוסות 5% -250גד,מחלבות גד שיווק 1992 בעמ,יח`,,1,25.90,10.36
2344,גבינה עיזים גדעז 20% גד (180 גרם),מחלבות גד שיווק 1992 בעמ,יח`,,1,22.90,12.72
2345,גבינת לאבנה עיזים 5% גד (250 גרם),מחלבות גד שיווק 1992 בעמ,יח`,,1,16.90,6.76
2346,גבינה לבנה עיזים 5% גד (250 גרם),מחלבות גד שיווק 1992 בעמ,יח`,,1,16.90,6.76
2347,לבנה ציזיקי 250 גר,מחלבות גד שיווק 1992 בעמ,יח`,,1,12.90,5.16
2348,טוסו פודינג אינסטנט בטעם וניל ללא תוספת,דנשר (1963) בעמ,יח`,,1,8.90,29.67
2349,מרמולייט וופל,דנשר (1963) בעמ,יח`,,1,11.90,6.61
2350,טוסו וופל קלאסי במילוי קרם בטעם לימון 20,דנשר (1963) בעמ,יח`,,1,11.90,5.95
2351,מי ורדים 750 מל משקד,ציון תורג`מן בעמ,יח`,,1,12.90,1.72
2352,רכז רימונים 350 מל משקד,ציון תורג`מן בעמ,יח`,,1,11.90,3.40
2353,דנונה מהדרין טבע,שטראוס גרופ בעמ/מצונן,יח`,,1,2.60,1.73
2354,פטריות שמפניון שלמות וילי פוד (400 גרם),ג.וילי-פוד אינטרנשיונל בעמ,יח`,,1,7.90,1.98
2355,שלישית פטריות חתוכות,ג.וילי-פוד אינטרנשיונל בעמ,יח`,,1,9.90,1.14
2356,צלחות קלאסי קטן 100  יח`לבן,הנמל אריזות ושיווק (1984) בעמ,יח`,,1,10.90,10.90
2357,פתיתי קוסקוס ישראלי אסם (350 גרם),קבוצת אסם סחר שות. מוגבלת,יח`,,1,8.90,2.54
2358,חמוציות 250 גר`,דין שיווק וקליה בעמ,יח`,,1,9.90,3.96
2359,אסטוניש מרסס צהוב למטבח,יעקב יעקבי ובניו בעמ,יח`,,1,11.90,1.59
2360,אסטוניש מרסס+אקונומיקה,יעקב יעקבי ובניו בעמ,יח`,,1,11.90,1.59
2361,משקה אקזוטי קריסטל (2 ליטר),יפאורה,יח`,,1,3.80,1.90
2362,נקטר פירות טרופיים ספרינג (1 ליטר),יפאורה,יח`,,1,5.50,0.55
2363,מי סודה שוופס (1.5x4 ליטר),יפאורה,יח`,,1,11,1.83
2364,נקטר דיאט תפוחים ספרינג (1 ליטר),יפאורה,יח`,,1,5.50,0.55
2365,קמיל בלו שמפו דר. פישר (750 מל),פישר תעשיות פרמצבטיות בעמ,יח`,,1,17.90,11.93
2366,קוסקוס דק אסם (350 גרם),קבוצת אסם סחר שות. מוגבלת,יח`,,1,8.90,2.54
2367,גמדים רביעייה דגנים,שטראוס גרופ בעמ/מצונן,יח`,,1,11.40,2.85
2368,אקטימל 1.8% דנונה (100x14 מל),שטראוס גרופ בעמ/מצונן,יח`,,1,29.90,21.36
2369,קרם גבינה 5% סקי (750 גרם),שטראוס גרופ בעמ/מצונן,יח`,,1,14.25,1.90
2370,יוגורט ביו 3% תות דנונה (150 גרם),שטראוס גרופ בעמ/מצונן,יח`,,1,3.70,2.47
2371,אקטימל דנונה (100x8 מל),שטראוס גרופ בעמ/מצונן,יח`,,1,19.90,2.49
2372,יוגורט ביו 3% אפרסק דנונה (150 גרם),שטראוס גרופ בעמ/מצונן,יח`,,1,3.70,2.47
2373,יוגורט ביו 1.7% דנונה (150x8 גרם),שטראוס גרופ בעמ/מצונן,יח`,,1,16.80,14
2374,שטראוס קרמיסימו תות לימון,גלידות שטראוס בעמ,יח`,,1,18.90,14.21
2375,קרמבו שמינייה וניל,גלידות שטראוס בעמ,יח`,,1,12.90,6.45
2376,מאגדת אסקימו 10 יח,גלידות שטראוס בעמ,יח`,,1,16.90,1.69
2377,מאגדת-לייט מיני פרי,גלידות שטראוס בעמ,יח`,,1,24.90,2.77
2378,יין אדום מתוק מסורת אפרת (1 ליטר),יקב טפרברג 1870 בעמ (יינות ומש,יח`,,1,19.90,1.96
2379,משחת שיניים לילדים קולגייט (50 מל),ש.שסטוביץ בעמ,יח`,,1,11.90,18.03
2380,תבנית ביצים אורגניות ליב,ל.י.ב. (לחיות יותר בטבע) בעמ,יח`,,1,21.90,21.90
2381,טרופיות 18 יח`,קלית סיטבון בעמ,יח`,,1,11.90,11.90
2382,קבב זהב קפוא זוגלובק (8  יח`- 400 גרם),זוגלובק שיווק בעמ,יח`,,1,19.90,4.98
2383,שניצל תירס קלאסי זוגלובק (2 קג),זוגלובק שיווק בעמ,יח`,,1,49.90,0.02
2384,סלמי איטלקי מעושן זוגלובק (300 גרם),זוגלובק שיווק בעמ,יח`,,1,28.90,9.63
2385,שניצל תירס זוגלובק (750 גרם),זוגלובק שיווק בעמ,יח`,,1,26.90,3.59
2386,מלוואח 700 גר` בדצ,זוגלובק שיווק בעמ,יח`,,1,16.90,2.41
2387,המבורגר מיזרחי,זוגלובק שיווק בעמ,יח`,,1,19.90,4.98
2388,קבב מזרחי ג 400ר,זוגלובק שיווק בעמ,יח`,,1,19.90,4.98
2389,פסטרממיה צלויה 330 גר`,זוגלובק שיווק בעמ,יח`,,1,28.90,8.76
2390,פסטרממיה בדבש 330 גר`,זוגלובק שיווק בעמ,יח`,,1,28.90,8.76
2391,חזה הודו ברביקיו 330 גר`,זוגלובק שיווק בעמ,יח`,,1,28.90,8.76
2392,בירה שחורה נשר מאלט חוזר (500 מל),טמפו משקאות בעמ,יח`,,1,5,0.76
2393,בירה גולדסטאר (500 מל),טמפו משקאות בעמ,יח`,,1,6.90,1.14
2394,בירה גולדסטאר חוזר לאגר כהה (500x6 מל),טמפו משקאות בעמ,יח`,,1,41.90,1.75
2395,בירה גולדסטאר חוזר לא מסונן 500 מל שישי,טמפו משקאות בעמ,יח`,,1,43.90,43.90
2396,בירה שחורה מאלט סטאר (1.5 ליטר),טמפו משקאות בעמ,יח`,,1,7.50,0.50
2397,עוגת שוקו צ`יפס אחוה (450 גרם) אחוה,אחדות בעמ,יח`,,1,9.90,2.20
2398,עוגת שוקולד אחוה (450 גרם) אחוה,אחדות בעמ,יח`,,1,9.90,2.20
2399,עוגת שמרים שוקולד אחוה (400 גרם),אחדות בעמ,יח`,,1,10,2.50
2400,עוגת שמרים פרג אחוה (400 גרם),אחדות בעמ,יח`,,1,10,2.50
2401,עוגת שמרים קינמון/אגוזים 400  גר`אחוה,אחדות בעמ,יח`,,1,10,2.50
2402,רוגעלך אחוה (400 גרם),אחדות בעמ,יח`,,1,8.90,2.23
2403,חלונית 1 ליטר,קומפלקס כימיקלים בעמ,יח`,,1,6.90,0.69
2404,סבונומיקה פלוס 4 ליטר-אקנומיקה  סמיכה סנ,קומפלקס כימיקלים בעמ,יח`,,1,12.90,0.32
2405,שקית 20 פסטל רחבה,שמחה זה אנחנו בעמ,יח`,,1,5.90,5.90
2406,שמפו 10 קרליין,החברה הדרומית לשיווק בעמ,יח`,,1,11.90,1.70
2407,שמפו 10 קרליין,החברה הדרומית לשיווק בעמ,יח`,,1,11.90,1.70
2408,שמפו 10 קרליין,החברה הדרומית לשיווק בעמ,יח`,,1,11.90,1.70
2409,שמפו 10 קרליין,החברה הדרומית לשיווק בעמ,יח`,,1,11.90,1.70
2410,מרכך 10 קרליין,החברה הדרומית לשיווק בעמ,יח`,,1,11.90,1.70
2411,מרכך 10 ירוק קרליין,החברה הדרומית לשיווק בעמ,יח`,,1,11.90,1.70
2412,מרכך 10 אדום קרליין,החברה הדרומית לשיווק בעמ,יח`,,1,11.90,1.70
2413,מרכך 10 סגול קרליין,החברה הדרומית לשיווק בעמ,יח`,,1,11.90,1.70
2414,דאו נושם רול און קרליין,החברה הדרומית לשיווק בעמ,יח`,,1,12.90,17.20
2415,דאו נושם רול און קרליין בורדו,החברה הדרומית לשיווק בעמ,יח`,,1,12.90,17.20
2416,דאו תרסיס טיטניום,החברה הדרומית לשיווק בעמ,יח`,,1,14.90,8.28
2417,שמפו ומרכך 10 קרליין,החברה הדרומית לשיווק בעמ,יח`,,1,11.90,1.70
2418,תערובת להכנת פנקייקס פילסברי (500 גרם),ליימן שליסל בעמ,יח`,,1,18.90,3.78
2419,פריגת אושן ספריי 1 ליטר,החברה המרכזית להפצת משקאות בעמ,יח`,,1,10.90,10.90
2420,נקטר חמוציות 1 ליטר פרימור,גניר (1992) בעמ,יח`,,1,8,8
2421,לבן 3% טרה (150 מל),החב` המרכזית - טרה,יח`,,1,1.05,0.70
2422,בוטן בקליפה 400 גר`,בוטנת בעמ,יח`,,1,12.90,3.23
2423,חמנייה 400 גרם,בוטנת בעמ,יח`,,1,10.90,2.73
2424,צלחות קטנות 100  יח`המותג,דין שיווק - עטרת,יח`,,1,10.90,10.90
2425,קרוטונים מתובלים למרק אסם (400 גרם),קבוצת אסם סחר שות. מוגבלת,יח`,,1,19.90,4.98
2426,קרקר לחמית שיפון אסם (230 גרם),קבוצת אסם סחר שות. מוגבלת,יח`,,1,8.90,3.87
2427,פלאפל בקלי קלות 90 גר`,קבוצת אסם סחר שות. מוגבלת,יח`,,1,10.90,12.11
2428,עוגת הבית בטעם שוקולד אסם (400 גרם),קבוצת אסם סחר שות. מוגבלת,יח`,,1,11.90,2.98
2429,עוגת הבית שיש אסם (400 גרם),קבוצת אסם סחר שות. מוגבלת,יח`,,1,11.90,2.98
2430,עוגת הבית שוקוצ`יפס אסם (400 גרם),קבוצת אסם סחר שות. מוגבלת,יח`,,1,11.90,2.98
2431,עוגת הבית תפוז אסם (400 גרם),קבוצת אסם סחר שות. מוגבלת,יח`,,1,11.90,2.98
2432,דייסת קורנפלור מטרנה (200 גרם),קבוצת אסם סחר שות. מוגבלת,יח`,,1,12.90,6.45
2433,דייסת וניל מטרנה (200 גרם),קבוצת אסם סחר שות. מוגבלת,יח`,,1,12.90,6.45
2434,שטיפה אינטימית אלוורה פמינה (220 מל),גורי ע.ע.ע בעמ,יח`,,1,22.90,10.41
2435,סופרמן משחת שיניים לילדים,גורי ע.ע.ע בעמ,יח`,,1,9.90,19.80
2436,ברבי משחת שיניים לילדים,גורי ע.ע.ע בעמ,יח`,,1,9.90,19.80
2437,שמפו לשיער רגיל פינוק (700 מל),יוניליוור ישראל שיווק בעמ,יח`,,1,12.90,1.84
2438,שמפו לשיער יבש ופגום פינוק (700 מל),יוניליוור ישראל שיווק בעמ,יח`,,1,12.90,1.84
2439,מרכך לשיער רגיל פינוק (700 מל),יוניליוור ישראל שיווק בעמ,יח`,,1,12.90,1.84
2440,מרכך לשיער יבש פינוק (700 מל),יוניליוור ישראל שיווק בעמ,יח`,,1,12.90,1.84
2441,שמפו ומרכך לשיער רגיל פינוק (700 מל),יוניליוור ישראל שיווק בעמ,יח`,,1,12.90,1.84
2442,סיף פנטסטיק שמפו רצפות 4 ליטר,יוניליוור ישראל שיווק בעמ,יח`,,1,19.90,0.50
2443,זרעי צ`יה 300 גר` תבליני מימון,א.ל.ייצור ושיווק תבלינים בעמ,יח`,,1,27.90,9.30
2444,ליסטרין קול מינט 500 מל,שקד תבל בעמ,יח`,,1,19.90,3.98
2445,ליסטרין פרש מינט 500 מל,שקד תבל בעמ,יח`,,1,19.90,3.98
2446,שניצלונים 700 גר` עוף טוב,קבוצת אסם סחר שות. מוגבלת,יח`,,1,19.90,2.84
2447,חמאה מפינלנד ללא תוספת מלח (200 גרם),ג.וילי-פוד אינטרנשיונל בעמ,יח`,,1,11.90,5.95
2448,פרמז`נו מגורדת 90 גר`,ג.וילי-פוד אינטרנשיונל בעמ,יח`,,1,15.90,17.67
2449,איטריות נודלס 400 גר`,ג.וילי-פוד אינטרנשיונל בעמ,יח`,,1,5.90,1.48
2450,מיני קוקיס שוקו ציפס 600ג`,כרמית תעשיות ממתקים בעמ,יח`,,1,17.90,2.98
2451,ממתקי מארזים 350 גר`,ממתקי השלום בעולם בעמ,יח`,,1,12.90,3.69
2452,מארז מצופים 300 גר`,ממתקי השלום בעולם בעמ,יח`,,1,12.90,4.30
2453,דובדבן,לורס,יח`,,1,10.20,2.55
2454,מרכך כביסה סגול בדין (4 ליטר),יוניליוור ישראל שיווק בעמ,יח`,,1,19.90,4.98
2455,בדין דפי מרכך,יוניליוור ישראל שיווק בעמ,יח`,,1,18.90,18.90
2456,בדין דפי מרכך,יוניליוור ישראל שיווק בעמ,יח`,,1,18.90,18.90
2457,ג`לטין דגים טהור,נטו מלינדה סחר בעמ,יח`,,1,10.90,38.93
2458,בצק פילו שלושת האופים (500 גרם),נטו מלינדה סחר בעמ,יח`,,1,19.90,3.98
2459,עלי בצק לסיגרים שלושת האופים (500 גרם),נטו מלינדה סחר בעמ,יח`,,1,11.90,2.38
2460,ג`חנון אפוי 650 גר`,נטו מלינדה סחר בעמ,יח`,,1,21.90,3.37
2461,סיגרים בשר 1 קג שלושת האופים,נטו מלינדה סחר בעמ,יח`,,1,16.90,1.69
2462,אגרול סיני 1 קג-שלושת  האופים,נטו מלינדה סחר בעמ,יח`,,1,16.90,1.69
2463,קובה בשר מטוגן 1 קג,נטו מלינדה סחר בעמ,יח`,,1,16.90,1.69
2464,כדורי פלאפל 1 קג-שלושת  האופים,נטו מלינדה סחר בעמ,יח`,,1,16.90,1.69
2465,המבורגר 100% 400 גר` טיבונוויל,נטו מלינדה סחר בעמ,יח`,,1,20.90,5.23
2466,מיני מיני דק שניצלונים בציפוי שומשום מאמ,תנובה קפואים,יח`,,1,26.90,5.38
2467,אצבעות שניצל שומשום מאמא עוף (700 גרם),תנובה קפואים,יח`,,1,36,6
2468,שניצל ג`ונגל מאמא עוף (700 גרם),תנובה קפואים,יח`,,1,36,5.14
2469,שניצל דק דק פריך מאמא עוף (700 גרם),תנובה קפואים,יח`,,1,42.90,6.13
2470,מיני מינידק שניצלונים בציפוי פריך 500 גר,תנובה קפואים,יח`,,1,26.90,5.38
2471,שניצל דק דק צ`יפס מאמא עוף (700 גרם),תנובה קפואים,יח`,,1,42.90,42.90
2472,שניצל עוף ציפוי מעודן מאמא עוף,תנובה קפואים,יח`,,1,42.90,6.13
2473,שניצל צ`יפס אמיתי מאמא עוף (700 גרם),תנובה קפואים,יח`,,1,42.90,6.13
2474,שניצל עוף אמיתי ביתי מאמא עוף,תנובה קפואים,יח`,,1,42.90,6.13
2475,כוכבי עוף בציפוי מעודן 700 גר` מאמא עוף,תנובה קפואים,יח`,,1,36,5.14
2476,טבעות עוף מאמא עוף (700  גרם)*,תנובה קפואים,יח`,,1,36,5.14
2477,חומוס עם טחינה צבר (150 גרם),קבוצת אסם סחר שות. מוגבלת,יח`,,1,4.90,3.27
2478,נקה 7 מרכך 750 מל ורוד,החברה הדרומית לשיווק בעמ,יח`,,1,10.90,1.45
2479,מארז פרנה,מגוון שיווק והפצת מאפים בעמ,יח`,,1,12,12
2480,סרדין רוברט בשמן חמניות 140 גר`,נטו מלינדה סחר בעמ,יח`,,1,8.90,6.36
2481,סרדינים בשמן חריף רוברט (115 גרם),נטו מלינדה סחר בעמ,יח`,,1,7.90,6.87
2482,חרדל דיז`ון מקורי מאיי (380 גרם),נטו מלינדה סחר בעמ,יח`,,1,14.90,3.92
2483,חרדל דיזון חריף 380 מל,נטו מלינדה סחר בעמ,יח`,,1,15.90,4.18
2484,פפסי סבן אפ דיאט 1.5 שישיה,טמפו משקאות בעמ,יח`,,1,25.90,2.88
2485,בירה לא מסוננת גולדסטאר (500 מל),טמפו משקאות בעמ,יח`,,1,8.50,1.64
2486,פיקסי תות ליים 275 מל,טמפו משקאות בעמ,יח`,,1,4.90,4.90
2487,בירה בפחית גולדסטאר (500 מל),טמפו משקאות בעמ,יח`,,1,7.90,1.52
2488,בירה מכבי פחית 500 מל,טמפו משקאות בעמ,יח`,,1,6.90,1.32
2489,מים סאן בנדטו 500 מל,טמפו משקאות בעמ,יח`,,1,4.30,0.80
2490,מי סודה בקבוק זכוכית טמפו 275 מל,טמפו משקאות בעמ,יח`,,1,3,0.98
2491,בירה מכבי (330x6 מל),טמפו משקאות בעמ,יח`,,1,33.90,16.21
2492,בירה גולדסטאר 330 מל בקבוק שישייה,טמפו משקאות בעמ,יח`,,1,37.90,1.82
2493,בירה היינקן (330x6 מל) שישייה,טמפו משקאות בעמ,יח`,,1,32.90,1.57
2494,סודה אננס 1.5 ליטר רביעייה טמפו,טמפו משקאות בעמ,יח`,,1,10.90,10.90
2495,סודה פירות 1.5 ליטר רביעייה טמפו,טמפו משקאות בעמ,יח`,,1,10.90,10.90
2496,מי סודה טמפו (1.5x6 ליטר),טמפו משקאות בעמ,יח`,,1,15.90,1.77
2497,מסטיק שמינייה FIVE ספירמינט,מרס ריגלי ישראל בעמ,יח`,,1,17,17
2498,מארז שימינייה אורביט סטיקס,מרס ריגלי ישראל בעמ,יח`,,1,14.90,14.90
2499,מאיר בייגל פרורי גרסיני זהב 200גר,דיפלומט היינץ,יח`,,1,5.90,2.95
2500,צ`יפס זיגזג טוגן (800 גרם),קבוצת אסם סחר שות. מוגבלת,יח`,,1,10.90,1.36
2501,פלסטר 30,אינטרסן 1996 בעמ,יח`,,1,6.90,0.23
2502,ניילון נצמד COOK שלישיה.,אינטרסן 1996 בעמ,יח`,,1,10,10
2503,בקבוק לתינוק +0 טוליפס (3),אינטרסן 1996 בעמ,יח`,,1,13,13
2504,תחליב לתינוק,אינטרסן 1996 בעמ,יח`,,1,20.90,4.40
2505,קמח מצה 500 גר`,מיה תעשיות מזון מ.ת.מ. בעמ,יח`,,1,8.90,1.78
2506,אגוזי מלך גרוסים 100 גר`,מיה תעשיות מזון מ.ת.מ. בעמ,יח`,,1,11.90,11.90
2507,בוטנים גרוסים 100 גר`,מיה תעשיות מזון מ.ת.מ. בעמ,יח`,,1,5.90,5.90
2508,שקדים מולבנים שבבים 100 גר`,מיה תעשיות מזון מ.ת.מ. בעמ,יח`,,1,11.90,11.90
2509,שקדים מולבנים שלמים 100 גר`,מיה תעשיות מזון מ.ת.מ. בעמ,יח`,,1,11.90,11.90
2510,גרעיני חמניה קלופים 100 גר`,מיה תעשיות מזון מ.ת.מ. בעמ,יח`,,1,4.90,4.90
2511,מטבוחה 125אחלה יום יום,שטראוס גרופ בעמ/מצונן,יח`,,1,4.90,3.92
2512,מבחר עלי בייבי 120 גרם-טעם הטבע,שטראוס גרופ בעמ/מצונן,יח`,,1,9.90,8.25
2513,חסה ערבית אייסברג 300 גרם שטראוס טעם הטב,שטראוס גרופ בעמ/מצונן,יח`,,1,9.10,3.03
2514,סלט המושבה שטראוס 450 גר`-טעם הטבע,שטראוס גרופ בעמ/מצונן,יח`,,1,10.90,2.42
2515,חומוס אחלה (750 גרם),שטראוס גרופ בעמ/מצונן,יח`,,1,9.90,1.32
2516,יין מרלו רקנטי 750 מל,היכל היין שקד גולן בעמ,יח`,,1,55.20,7.32
2517,יסמין אדום רקנאטי 750 מל,היכל היין שקד גולן בעמ,יח`,,1,34.90,4.61
2518,יין יסמין לבן,היכל היין שקד גולן בעמ,יח`,,1,34.90,4.61
2519,שירז רקנאטי 750 מל,היכל היין שקד גולן בעמ,יח`,,1,54.90,7.28
2520,נקטר חמוציות אושן ספריי פריגת (1 ליטר),החברה המרכזית להפצת משקאות בעמ,יח`,,1,10.90,10.90
2521,דניאלה מעדן בטעם תות שטראוס (88 גרם),שטראוס גרופ בעמ/מצונן,יח`,,1,4,2.67
2522,לחם שבעה דגנים קל פרוס אנג`ל (500 גרם),שלמה א. אנג`ל בעמ,יח`,,1,13.90,2.78
2523,פיתות מארז עשירייה,שלמה א. אנג`ל בעמ,יח`,,1,8.90,8.90
2524,לחם שיפון עגול פרוס אחדות (750 גרם),שלמה א. אנג`ל בעמ,יח`,,1,11.90,1.59
2525,לחם שיפון כהה פרוס אחדות (750 גרם),שלמה א. אנג`ל בעמ,יח`,,1,11.90,1.59
2526,תפוצ`יפס 50 גר קראנץ`,שטראוס פריטו ליי בעמ,יח`,,1,3.90,7.09
2527,טבלאות פרה במילוי תות,שטראוס גרופ בעמ,יח`,,1,4.90,4.90
2528,שוקולד ממולדה,שטראוס גרופ בעמ,יח`,,1,4.90,9.80
2529,תפוצ`יפס 200 גר` קראנץ`,שטראוס פריטו ליי בעמ,יח`,,1,10.90,5.45
2530,שוקולד מריר 70% ספלנדיד (100 גרם),שטראוס גרופ בעמ,יח`,,1,10.90,10.90
2531,בפלות 400  גר`שחור לבן,שטראוס גרופ בעמ,יח`,,1,16.90,4.23
2532,חטיף ופל טוב טעם עלית (30x20 גרם),שטראוס גרופ בעמ,יח`,,1,25.90,4.32
2533,מסטיק ללא סוכר בטעם דובדבן מאסט (28 גרם),שטראוס גרופ בעמ,יח`,,1,4.90,17.50
2534,שוקולד פרה לבן עם עוגיות עלית (100 גרם),שטראוס גרופ בעמ,יח`,,1,4.90,4.90
2535,טבלאות פרה ממולא תות מגדים,שטראוס גרופ בעמ,יח`,,1,4.90,4.90
2536,תפוצ`יפס 50 גר קראנץ` גריל,שטראוס פריטו ליי בעמ,יח`,,1,3.90,7.80
2537,תפוצ`יפס 50 גר קראנץ` מקסיקני,שטראוס פריטו ליי בעמ,יח`,,1,3.90,7.80
2538,בפלות 350  גר`גבינת פירורים,שטראוס גרופ בעמ,יח`,,1,16.90,4.83
2539,בפלות 350  גר`טראפלס ופירורים,שטראוס גרופ בעמ,יח`,,1,15.40,4.40
2540,שוקולד פרה חלב אוורירי עלית (85 גרם),שטראוס גרופ בעמ,יח`,,1,4.90,4.90
2541,מסטיק מאסט מנטה עדין 28 גרם,שטראוס גרופ בעמ,יח`,,1,4.90,17.50
2542,נקטר רימונים ספרינג (1 ליטר),יפאורה,יח`,,1,5.50,0.55
2543,ערגליות שוקו אסם (300 גרם),קבוצת אסם סחר שות. מוגבלת,יח`,,1,10.90,3.63
2544,ערגליות תות אסם (300 גרם),קבוצת אסם סחר שות. מוגבלת,יח`,,1,10.90,3.63
2545,נייר טואלט  טאצ`40 גלילים,שניב תעשיות נייר בעמ,יח`,,1,31.90,1.30
2546,מפיות  טאצ`100 יח,שניב תעשיות נייר בעמ,יח`,,1,4.90,4.90
2547,קברנה/מרלו פי.סי אדום יבש 750 מל,אגודת הכורמים,יח`,,1,44.90,5.95
2548,יין אדום ייבש קרבנה סובניון 375 מל,אגודת הכורמים,יח`,,1,16.90,8.88
2549,סלקטד סוביניון בלאן יקבי כרמל (750 מל),אגודת הכורמים,יח`,,1,26.90,3.55
2550,סלקטד מרלו יקבי כרמל (750 מל),אגודת הכורמים,יח`,,1,26.90,3.55
2551,טופז זהב אדום מתוק 750 מל,אגודת הכורמים,יח`,,1,21.20,2.79
2552,קונקורד אדום מתוק 750 מל קינג דיוויד,אגודת הכורמים,יח`,,1,19.90,2.61
2553,כרמל 120 אדום מתוק 750 מל קינג דיוויד,אגודת הכורמים,יח`,,1,19.90,2.61
2554,מוסקט מתוק 750 מל קינג דיוויד,אגודת הכורמים,יח`,,1,19.90,2.61
2555,סלקטד קברנה סובניון יקבי כרמל (750 מל),אגודת הכורמים,יח`,,1,26.90,3.55
2556,סלקטד אמרלד ריזלינג יקבי כרמל (750 מל),אגודת הכורמים,יח`,,1,26.90,3.55
2557,מרלו פי.סי אדום יבש 750 מל,אגודת הכורמים,יח`,,1,44.90,5.95
2558,וינו אדום 750 מל,אגודת הכורמים,יח`,,1,19.90,2.61
2559,קברנה סוביניון פי.סי אדום יבש 750 מל,אגודת הכורמים,יח`,,1,44.90,5.95
2560,שיראז פי.סי אדום יבש 750 מל,אגודת הכורמים,יח`,,1,44.90,5.95
2561,סלקטד זינפנדל סמוק יקבי כרמל (750 מל),אגודת הכורמים,יח`,,1,26.90,3.55
2562,סלקטד מוסקטו לבן יקבי כרמל (750 מל),אגודת הכורמים,יח`,,1,26.90,3.55
2563,קברנה מרלו סלקטד אדום יבש 750 מל,אגודת הכורמים,יח`,,1,26.90,3.55
2564,שטראוס גלידונית 60 יח` פרווה,גלידות שטראוס בעמ,יח`,,1,47.90,7.60
2565,תירוש ענבים אפרת (1 ליטר),יקב טפרברג 1870 בעמ (יינות ומש,יח`,,1,12.90,1.26
2566,רוטב לעוף ריבת בצל אוליביה,גורי מוצרי צריכה (1991) בעמ,יח`,,1,13.90,4.48
2567,טפנד זיתים 180  גר`אוליביה,תנובה - חלב,יח`,,1,11.90,6.61
2568,בירה רד לייבל טובורג (330x6 מל),החברה המרכזית להפצת משקאות בעמ,יח`,,1,40.90,19.75
2569,בקבוק זירו קוקה-קולה (1.5 ליטר),החברה המרכזית להפצת משקאות בעמ,יח`,,1,6.90,4.60
2570,מארז זירו קוקה-קולה (1.5x6 ליטר),החברה המרכזית להפצת משקאות בעמ,יח`,,1,37.90,4.21
2571,שקיות אשפה לפח מטבח 65x52 גלילונית (40),דנשר (1963) בעמ,יח`,,1,15.90,0.40
2572,שקיות אשפה לפח ענק 90x75 גלילונית (50),דנשר (1963) בעמ,יח`,,1,15.90,15.90
2573,בונזו כופתיות קטנות קג 3,דיפלומט היינץ,יח`,,1,45,15
2574,פריכיות אורז שלישיה,בטר אנד דיפרנט בעמ,יח`,,1,12.90,4.30
2575,פצפוצי אורז בי   די (500 גרם),בטר אנד דיפרנט בעמ,יח`,,1,16,3.20
2576,ממרח חרובים 350 גר`,בטר אנד דיפרנט בעמ,יח`,,1,12.90,3.69
2577,בטר פצפוצי אורז מלא 450  גר`ללא גלוטן,בטר אנד דיפרנט בעמ,יח`,,1,16,3.56
2578,ציפוי לשניצל פריך ללא גלוטן 300 גר`,בטר אנד דיפרנט בעמ,יח`,,1,7.90,2.63
2579,שלווה מצופה בדבש בשקית,בטר אנד דיפרנט בעמ,יח`,,1,12.90,3.23
2580,כוסברה טחונה 100 גר`,א.ל.ייצור ושיווק תבלינים בעמ,יח`,,1,10.90,10.90
2581,כורכום תבליני מימון (100 גרם),א.ל.ייצור ושיווק תבלינים בעמ,יח`,,1,11.90,11.90
2582,כמון טחון תבליני מימון (100 גרם),א.ל.ייצור ושיווק תבלינים בעמ,יח`,,1,11.90,11.90
2583,מלח לימון תבליני מימון (200 גרם),א.ל.ייצור ושיווק תבלינים בעמ,יח`,,1,10.90,5.45
2584,פלפל לבן טחון תבליני מימון (100 גרם),א.ל.ייצור ושיווק תבלינים בעמ,יח`,,1,19.90,19.90
2585,פלפל שחור טחון תבליני מימון (100 גרם),א.ל.ייצור ושיווק תבלינים בעמ,יח`,,1,15.90,15.90
2586,פלפל שחור גרוס גס תבליני מימון (90 גרם),א.ל.ייצור ושיווק תבלינים בעמ,יח`,,1,15.90,17.67
2587,פפריקה הונגרית מתוקה 100 גר`,א.ל.ייצור ושיווק תבלינים בעמ,יח`,,1,11.90,11.90
2588,פפריקה הונגרית חריפה 100 גר`,א.ל.ייצור ושיווק תבלינים בעמ,יח`,,1,11.90,11.90
2589,קינמון טחון תבליני מימון (100 גרם),א.ל.ייצור ושיווק תבלינים בעמ,יח`,,1,10.90,10.90
2590,צ`ילי גרוס תבליני מימון (70 גרם),א.ל.ייצור ושיווק תבלינים בעמ,יח`,,1,11.90,17
2591,תיבול לשווארמה 100 גר`,א.ל.ייצור ושיווק תבלינים בעמ,יח`,,1,11.90,11.90
2592,תיבול לסטייק 100 גר`,א.ל.ייצור ושיווק תבלינים בעמ,יח`,,1,11.90,11.90
2593,תיבול לדג 100 גר`,א.ל.ייצור ושיווק תבלינים בעמ,יח`,,1,11.90,11.90
2594,אורגנו תבליני מימון (40 גרם),א.ל.ייצור ושיווק תבלינים בעמ,יח`,,1,10.90,27.25
2595,בזיליקום תבליני מימון (40 גרם),א.ל.ייצור ושיווק תבלינים בעמ,יח`,,1,10.90,21.80
2596,טימין הררי תבליני מימון (40 גרם),א.ל.ייצור ושיווק תבלינים בעמ,יח`,,1,10.90,21.80
2597,פטרוזיליה 25 גר`,א.ל.ייצור ושיווק תבלינים בעמ,יח`,,1,10.90,43.60
2598,שמיר 25 גר`,א.ל.ייצור ושיווק תבלינים בעמ,יח`,,1,10.90,43.60
2599,שום טחון תבליני מימון (100 גרם),א.ל.ייצור ושיווק תבלינים בעמ,יח`,,1,14.90,14.90
2600,שום גבישי תבליני מימון (120 גרם),א.ל.ייצור ושיווק תבלינים בעמ,יח`,,1,14.90,12.42
2601,כוסברה ירוקה תבליני מימון (20 גרם),א.ל.ייצור ושיווק תבלינים בעמ,יח`,,1,10.90,36.33
2602,פלפל מתוק 150 גר`,א.ל.ייצור ושיווק תבלינים בעמ,יח`,,1,12.90,8.60
2603,תבלין לפרגיות 100 גר`,א.ל.ייצור ושיווק תבלינים בעמ,יח`,,1,11.90,11.90
2604,שבבי בצל מטוגן 200 גר`,א.ל.ייצור ושיווק תבלינים בעמ,יח`,,1,9.90,4.95
2605,פפריקה מתוקה תבליני מימון (80 גרם),א.ל.ייצור ושיווק תבלינים בעמ,יח`,,1,5.90,7.38
2606,פלפל שחור טחון תבליני מימון (50 גרם),א.ל.ייצור ושיווק תבלינים בעמ,יח`,,1,7.90,15.80
2607,כמון טחון תבליני מימון (50 גרם),א.ל.ייצור ושיווק תבלינים בעמ,יח`,,1,5.90,11.80
2608,כורכום טחון תבליני מימון (80 גרם),א.ל.ייצור ושיווק תבלינים בעמ,יח`,,1,5.90,7.38
2609,מלח לימון תבליני מימון (100 גרם),א.ל.ייצור ושיווק תבלינים בעמ,יח`,,1,5.90,5.90
2610,זעתר ושומשום בשקית תבליני מימון (80 גרם),א.ל.ייצור ושיווק תבלינים בעמ,יח`,,1,5.90,7.38
2611,פלפל שטה 150 גר`,א.ל.ייצור ושיווק תבלינים בעמ,יח`,,1,14.90,9.93
2612,קינמון טחון תבליני מימון (80 גרם),א.ל.ייצור ושיווק תבלינים בעמ,יח`,,1,5.90,7.38
2613,אורגנו תבליני מימון (20 גרם),א.ל.ייצור ושיווק תבלינים בעמ,יח`,,1,5.90,29.50
2614,ממרח כבד עם שום,יורוסטנדרט בעמ,יח`,,1,4.90,3.50
2615,ממרח כבד עם פיטריות,יורוסטנדרט בעמ,יח`,,1,4.90,3.50
2616,תה לימונענע ויסוצקי הגן הקסום) (25,תה ויסוצקי (ישראל) בעמ,יח`,,1,17.50,35
2617,עוגיות מלבן שקדים לחמי (250 גרם),תה ויסוצקי (ישראל) בעמ,יח`,,1,17.90,6.39
2618,עוגיות נסיכה לחמי (250 גרם),תה ויסוצקי (ישראל) בעמ,יח`,,1,17.90,7.16
2619,בזיליקום א.אדמה,א.אדמה (2007) בעמ,יח`,,1,4.90,4.90
2620,סלט ביבי מיקס בנספק,א.אדמה (2007) בעמ,יח`,,1,7.90,7.90
2621,לבבות חסה קיסר,א.אדמה (2007) בעמ,יח`,,1,9.90,9.90
2622,טימין / קורנית,א.אדמה (2007) בעמ,יח`,,1,4.90,4.90
2623,תרד עלים אורגני א.אדמה,א.אדמה (2007) בעמ,יח`,,1,8.90,4.94
2624,סלרי ראש.,א.אדמה (2007) בעמ,יח`,,1,4.90,1.63
2625,חסה משי אורגני א.אדמה,א.אדמה (2007) בעמ,יח`,,1,10,10
2626,אורגנו,א.אדמה (2007) בעמ,יח`,,1,4.90,4.90
2627,לוף ארוז - א.אדמה,א.אדמה (2007) בעמ,יח`,,1,9.90,9.90
2628,עלה רוקולה,א.אדמה (2007) בעמ,יח`,,1,4.90,3.27
2629,סלרי חתוך,א.אדמה (2007) בעמ,יח`,,1,5.90,5.90
2630,לבבות חסה בשקית,א.אדמה (2007) בעמ,יח`,,1,9.90,9.90
2631,חסה סלנובה,א.אדמה (2007) בעמ,יח`,,1,9.90,9.90
2632,מחית פרינוק תפו,גורי מוצרי צריכה (1991) בעמ,יח`,,1,4.90,3.77
2633,מחית פרינוק 190 גר`,גורי מוצרי צריכה (1991) בעמ,יח`,,1,5.90,3.11
2634,פילטונה בשמן רביעיה,פילטונה תעשיות בעמ,יח`,,1,19.90,19.90
2635,פילטונה במים רביעיה,פילטונה תעשיות בעמ,יח`,,1,19.90,3.11
2636,פילטונה בשמן קנולה רביעיה,פילטונה תעשיות בעמ,יח`,,1,19.90,3.11
2637,פילטונה נתחי טונה בשמן זית רביעייה,פילטונה תעשיות בעמ,יח`,,1,25.90,4.05
2638,טונה בשמן 960  גר` פרינס(פילטונה),פילטונה תעשיות בעמ,יח`,,1,26.90,2.80
2639,שוקולית אבקת שוקו עלית (850 גרם),שטראוס גרופ בעמ,יח`,,1,18.50,2.18
2640,חטיף תירס חריף אש דוריטוס (70 גרם),שטראוס פריטו ליי בעמ,יח`,,1,3.90,5.57
2641,חטיף צ`יפס בטעם טבעי תפוצ`יפס (40x6 גרם),שטראוס פריטו ליי בעמ,יח`,,1,12.90,5.38
2642,סטייק בורגר 400  גר`בלדי,בלדי בעמ,יח`,,1,15.90,3.98
2643,שניצל בקר מלינסה אל מטאדור 250 גר`,בלדי בעמ,יח`,,1,12.90,5.16
2644,סינטה בקר דק דק אל מטאדור 250 גר`,בלדי בעמ,יח`,,1,14.90,5.96
2645,שומן כבש 200,בלדי בעמ,יח`,,1,9.90,4.95
2646,עוגיות אוזניים דולצ`ה ויטה 600 גר,שיבולים יצור ושיווק מוצרי מאפה,יח`,,1,16.90,2.82
2647,עוגיות כתר ריבה דולצ`ה ויטה (600 גרם),שיבולים יצור ושיווק מוצרי מאפה,יח`,,1,16.90,2.82
2648,עוגיות מרוקאיות דולצ`ה ויטה (600 גרם),שיבולים יצור ושיווק מוצרי מאפה,יח`,,1,16.90,2.82
2649,עוגיות רייבה דולצ`ה ויטה (600 גרם),שיבולים יצור ושיווק מוצרי מאפה,יח`,,1,16.90,2.82
2650,שעועית ענק מיה (400 גרם),מיה תעשיות מזון מ.ת.מ. בעמ,יח`,,1,11.90,2.98
2651,בורגול מיה (500 גרם),מיה תעשיות מזון מ.ת.מ. בעמ,יח`,,1,5.90,1.18
2652,ג`ריש 500 גר` מיה,מיה תעשיות מזון מ.ת.מ. בעמ,יח`,,1,5.90,1.18
2653,חומץ טבעי מיה (1 ליטר),מיה תעשיות מזון מ.ת.מ. בעמ,יח`,,1,7.90,7.90
2654,ציפוי לשניצל עם עשבי תיבול 500 גר` מיה,מיה תעשיות מזון מ.ת.מ. בעמ,יח`,,1,11.90,2.38
2655,ריבת חלב מיה (400 גרם),מיה תעשיות מזון מ.ת.מ. בעמ,יח`,,1,13.90,4.63
2656,אורז בסמטי בסגנון הודי מיה (1 קג),מיה תעשיות מזון מ.ת.מ. בעמ,יח`,,1,9.90,0.99
2657,לימון בלאדי תבליני ביטון יוחאי (250 גרם),נטו מלינדה סחר בעמ,יח`,,1,15.90,6.36
2658,אריסה מתוקה תבליני ביטון יוחאי (250 גרם),נטו מלינדה סחר בעמ,יח`,,1,14.90,5.96
2659,עמבה תבליני ביטון יוחאי (250 גרם),נטו מלינדה סחר בעמ,יח`,,1,13.90,5.56
2660,סלט חזרת ביתית תבליני ביטון יוחאי (250 ג,נטו מלינדה סחר בעמ,יח`,,1,13.90,5.56
2661,פלפל צ`ומה תבליני ביטון יוחאי (250 גרם),נטו מלינדה סחר בעמ,יח`,,1,14.90,5.96
2662,סחוג אדום 130 גר ביטון,נטו מלינדה סחר בעמ,יח`,,1,8.90,6.85
2663,סחוג ירוק 130 גר ביטון,נטו מלינדה סחר בעמ,יח`,,1,8.90,6.85
2664,צנובר 100 גרם שקית שקדיה,דין שיווק וקליה בעמ,יח`,,1,21.90,21.90
2665,מרלו יקב הרי גליל (750 מל),היכל היין שקד גולן בעמ,יח`,,1,34.90,4.61
2666,קברנה סובניון יקב הרי גליל (750 מל),היכל היין שקד גולן בעמ,יח`,,1,36.90,4.88
2667,שיראז יקב הרי גליל (750 מל),היכל היין שקד גולן בעמ,יח`,,1,34.90,4.61
2668,צנונית,א.אדמה (2007) בעמ,יח`,,1,5.90,5.90
2669,פפסי מקס שמיניה,טמפו משקאות בעמ,יח`,,1,29.90,2.49
2670,משקה מוגז בטעם קולה פפסי (500 מל),טמפו משקאות בעמ,יח`,,1,3.90,0.72
2671,פפסי קול מקס 500 מל,טמפו משקאות בעמ,יח`,,1,3.90,0.72
2672,משקה מוגז בטעם ליים סבן אפ (500 מל),טמפו משקאות בעמ,יח`,,1,3.90,0.72
2673,פפסי קול סבן אפ דיאט 500 מל,טמפו משקאות בעמ,יח`,,1,3.90,0.72
2674,בירה שחורה נשר מאלט (1.5 ליטר),טמפו משקאות בעמ,יח`,,1,7.50,0.50
2675,בירה שחורה דיאט נשר מאלט (1.5 ליטר),טמפו משקאות בעמ,יח`,,1,7.50,5
2676,בירה הייניקן 330 בקבוק,טמפו משקאות בעמ,יח`,,1,10.10,2.97
2677,בירה היינקן (500 מל),טמפו משקאות בעמ,יח`,,1,8.50,1.46
2678,עוגיות בישקוטים וילי פוד (200 גרם),ג.וילי-פוד אינטרנשיונל בעמ,יח`,,1,6.90,3.45
2679,נודלס ביצים להקצפה וילי פוד (200 גרם),ג.וילי-פוד אינטרנשיונל בעמ,יח`,,1,4.90,2.45
2680,מנת השף מרק+נודלס פיקנטי,ג.וילי-פוד אינטרנשיונל בעמ,יח`,,1,4.90,7
2681,מנת השף מרק+נודלס תירס,ג.וילי-פוד אינטרנשיונל בעמ,יח`,,1,4.90,7
2682,מנת השף מרק+נודלס ירקות,ג.וילי-פוד אינטרנשיונל בעמ,יח`,,1,4.90,7
2683,מרגרינה ללא מלח וילי פוד (200 גרם),ג.וילי-פוד אינטרנשיונל בעמ,יח`,,1,2.90,1.45
2684,מרגרינה בטעם חמאה,ג.וילי-פוד אינטרנשיונל בעמ,יח`,,1,2.90,1.45
2685,בישקוטים 400 גר`,ג.וילי-פוד אינטרנשיונל בעמ,יח`,,1,10.90,2.73
2686,ממרח חלבה אחוה (400 גרם),אחדות בעמ,יח`,,1,11.90,2.98
2687,טחינה מתובלת משומשום טבעי אחוה (500 גרם),אחדות בעמ,יח`,,1,11.90,2.38
2688,טחינה משומשום מלא אחוה (500 גרם),אחדות בעמ,יח`,,1,9.90,1.98
2689,טחינה משומשום טבעי אחוה (500 גרם),אחדות בעמ,יח`,,1,9.90,1.98
2690,מיני חלווה ב 3 טעמים,אחדות בעמ,יח`,,1,10,4.63
2691,חטיפי מיני חלוה ללא סוכר 15 יח`,אחדות בעמ,יח`,,1,10,10
2692,חטיפי חלבה עם פיסטוק 126  גר`go2,אחדות בעמ,יח`,,1,8.90,7.06
2693,חטיפי חלבה עם פולי קקאו 126  גר`GO2,אחדות בעמ,יח`,,1,8.90,7.06
2694,עוגה בטעם שוקולד עם שוקוצ`יפס מריר ולבן,אחדות בעמ,יח`,,1,9.90,2.20
2695,קצפיות במגש 180 גר,אחדות בעמ,יח`,,1,8.90,4.94
2696,חטיף חלבה 50 גר` אחוה,אחדות בעמ,יח`,,1,1.50,1.50
2697,טחינה עם שוקולד 400 גר אחוה ללא תוספת ס,אחדות בעמ,יח`,,1,11.90,2.98
2698,אגו משפחתי דאבל שוקו בלמינט 130 גר` * 13,כרמית תעשיות ממתקים בעמ,יח`,,1,8.90,6.85
2699,קונפיטורה יד מרדכי תות 250 גר`,שטראוס גרופ בעמ,יח`,,1,14.90,5.96
2700,דנונה פרי בר קורנפלקס,שטראוס גרופ בעמ/מצונן,יח`,,1,4.40,2.51
2701,משקה יוגורט תות בננה גמדים (100x8 מל),שטראוס גרופ בעמ/מצונן,יח`,,1,20,2.50
2702,מברשת לצביעת שיער 3 יח`,קונסיגנציה- ש. י גיספאן 1993,יח`,,1,10.90,10.90
2703,גרנולה ללא תוספת סוכר 400 גר` מנדל,גורי מוצרי צריכה (1991) בעמ,יח`,,1,17.90,4.48
2704,גרנולה תמרים 400 גר` מנדל,גורי מוצרי צריכה (1991) בעמ,יח`,,1,17.90,4.48
2705,גרנולה שקדים וצימוקים 400 גר` מנדל,גורי מוצרי צריכה (1991) בעמ,יח`,,1,17.90,4.48
2706,גרנולה שוקולד 400 גר` מנדל,גורי מוצרי צריכה (1991) בעמ,יח`,,1,17.90,4.48
2707,טחינה ירושלים 500 גר`,תה ויסוצקי (ישראל) בעמ,יח`,,1,15.90,3.18
2708,טחינה ירושלים 500 גר` שומשום מלא,תה ויסוצקי (ישראל) בעמ,יח`,,1,15.90,15.90
2709,כוס אימון+ידיות רכות,אינטרסן 1996 בעמ,יח`,,1,16,16
2710,צימרוני אוזניים מעץ אינטרסן (300),אינטרסן 1996 בעמ,יח`,,1,4,0.01
2711,זנגוויל,חוות פטריות תקוע בעמ,יח`,,1,10.90,10.90
2712,שעועית ירוקה שלמה 800 גר`,נ.ת.נ.ג.ב החזקות יעוץ וניהול ב,יח`,,1,6.80,0.85
2713,שעועית חתוכה ירוקה 800  גר`קפוא,נ.ת.נ.ג.ב החזקות יעוץ וניהול ב,יח`,,1,6.80,0.85
2714,שעועית חתוכה צהובה,נ.ת.נ.ג.ב החזקות יעוץ וניהול ב,יח`,,1,6.80,0.85
2715,אפונה קפוא 800 גר`,נ.ת.נ.ג.ב החזקות יעוץ וניהול ב,יח`,,1,9.90,1.24
2716,אפונה וגזר 800 גר`,נ.ת.נ.ג.ב החזקות יעוץ וניהול ב,יח`,,1,9.90,1.24
2717,לקט ירקות 800 גר` קפוא,נ.ת.נ.ג.ב החזקות יעוץ וניהול ב,יח`,,1,9.90,1.24
2718,כרוב  על- קייל,א.אדמה (2007) בעמ,יח`,,1,10.90,10.90
2719,מברשת אבק,מ.א.ייצור ויבוא מטליות בעמ,יח`,,1,14.90,14.90
2720,דלי איטלקי עם פיה יוגב,מ.א.ייצור ויבוא מטליות בעמ,יח`,,1,11.90,11.90
2721,מטאטא משובח+מקל ,מ.א.ייצור ויבוא מטליות בעמ,יח`,,1,31.90,31.90
2722,מטליות תשיעייה רב שימושיות פרימיום shiny,מ.א.ייצור ויבוא מטליות בעמ,יח`,,1,6.90,6.90
2723,להבונים טיפ טופ פאלאס (50),פאלאס תעשיות נטו (2014) בעמ,יח`,,1,9.90,0.20
2724,פנינה אל סבון 1 ליטר ירוק,פנינה רוזנבלום בעמ,יח`,,1,10.90,10.90
2725,פיתות במרקם מיוחד פיתה אקספרס) (8,מגוון שיווק והפצת מאפים בעמ,יח`,,1,9.90,1.24
2726,פיתות בריבוע חיטה מלאה פיתה אקספרס) (8,מגוון שיווק והפצת מאפים בעמ,יח`,,1,12,1.50
2727,מארז פיתה קלה 79 קלוריות,מגוון שיווק והפצת מאפים בעמ,יח`,,1,12.50,12.50
2728,פיתות מכוסמין מלא פיתה אקספרס) (8,מגוון שיווק והפצת מאפים בעמ,יח`,,1,14.90,14.90
2729,אגו טבלאות שוקולד לבן 85 גר` שלישייה,כרמית תעשיות ממתקים בעמ,יח`,,1,11.90,4.67
2730,סטיביה מרמולייט (100),דנשר (1963) בעמ,יח`,,1,27.90,0.28
2731,טואלט דאק 750 מל זוג,דנשר (1963) בעמ,יח`,,1,18.90,1.26
2732,די לואיג`י רוסו דולצ`ה 750 מל למברוסקו,הכרם - משקאות חריפים בעמ,יח`,,1,29.90,3.95
2733,למברוסקו די לואיג`י קאוויקיולי (750 מל),הכרם - משקאות חריפים בעמ,יח`,,1,29.90,3.95
2734,די לואיג`י ביאנקו 750 מל למברוסקו,הכרם - משקאות חריפים בעמ,יח`,,1,31.90,4.21
2735,מברשת שיניים בוב ספוג חשמלית,החברה הדרומית לשיווק בעמ,יח`,,1,39.90,39.90
2736,אצבעות דג שומשום 700 גר המותג,קפוא-זן תעשיות מזון בעמ - המות,יח`,,1,19.90,2.84
2737,קוטג` 3% מועשר 250 גר`,החב` המרכזית - טרה,יח`,,1,5.30,2.12
2738,חלב 3% בקרטון טרה (2 ליטר),החב` המרכזית - טרה,יח`,,1,11.88,5.94
2739,גבינה לבנה 3% 250 גר` פיקוח,החב` המרכזית - טרה,יח`,,1,4.75,1.90
2740,גבינה לבנה 5% 500  גר`פיקוח,החב` המרכזית - טרה,יח`,,1,9.50,1.90
2741,פחית קולה סליק קוקה-קולה (330 מל),החברה המרכזית להפצת משקאות בעמ,יח`,,1,4.50,1.27
2742,פחית זירו סליק קוקה-קולה (330 מל),החברה המרכזית להפצת משקאות בעמ,יח`,,1,4.50,1.27
2743,פחית דיאט קולה סליק קוקה-קולה (330 מל),החברה המרכזית להפצת משקאות בעמ,יח`,,1,4.50,1.27
2744,תה קר בטעם מנגו אננס פיוז-טי (1.5 ליטר),החברה המרכזית להפצת משקאות בעמ,יח`,,1,7.20,4.80
2745,תה קר בטעם אפרסק פיוז-טי (1.5 ליטר),החברה המרכזית להפצת משקאות בעמ,יח`,,1,7.20,0.48
2746,תה קר דיאט בטעם אפרסק פיוז-טי (1.5 ליטר),החברה המרכזית להפצת משקאות בעמ,יח`,,1,7.20,0.48
2747,משקה מוגז אורנג` פאנטה (330 מל),החברה המרכזית להפצת משקאות בעמ,יח`,,1,4.50,1.27
2748,תה קר בטעם ענבים פיוז-טי (1.5 ליטר),החברה המרכזית להפצת משקאות בעמ,יח`,,1,7.20,4.80
2749,שישית פחיות קוקה קולה פרידג`פק,החברה המרכזית להפצת משקאות בעמ,יח`,,1,19.90,9.14
2750,סרקל שמפו+מרכך 1 ליטר,פישר תעשיות פרמצבטיות בעמ,יח`,,1,27.90,2.79
2751,שמפו לשיער כסוף לגבר 400 מל דר פישר,פישר תעשיות פרמצבטיות בעמ,יח`,,1,24.90,6.23
2752,קמיל בלו סנסיטיב 500 מל,פישר תעשיות פרמצבטיות בעמ,יח`,,1,20.90,4.18
2753,מי סודה בטעם לימון שוופס (1.5x4 ליטר),יפאורה,יח`,,1,11,1.83
2754,שוופס מוגז עדין 1.5 ליטר תפוח ליים,יפאורה,יח`,,1,6.90,0.46
2755,שוופס מוגז עדין 1.5 ליטר פירות יער,יפאורה,יח`,,1,6.90,0.46
2756,משקה מוגז עדין אפרסק שוופס (1.5 ליטר),יפאורה,יח`,,1,6.90,0.46
2757,תה קר אפרסק ספרינג (1.5 ליטר),יפאורה,יח`,,1,6.40,4.27
2758,תה ירוק לימון לואיזה ספרינג (1.5 ליטר),יפאורה,יח`,,1,6.40,4.27
2759,תה קר דיאט אפרסק ספרינג (1.5 ליטר),יפאורה,יח`,,1,6.40,4.27
2760,משקה קל תפוחים תפוזינה (1.5 ליטר),יפאורה,יח`,,1,6.50,0.43
2761,לאבנה אבו גוש 200 גר,הגבינות של ניצן,יח`,,1,13.90,6.95
2762,פלפלוני שרי ממולא בגבינה 125 גר,הגבינות של ניצן,יח`,,1,19.90,15.92
2763,וניש מגבונים להסרת כתמים,רקיט בנקיזר (ניר איסט) בעמ,יח`,,1,14.90,7.45
2764,שטראוס קרמיסימו בטעמי 3 שוקלד,גלידות שטראוס בעמ,יח`,,1,18.90,14.21
2765,שטראוס קרמיסימו,גלידות שטראוס בעמ,יח`,,1,18.90,14.21
2766,זיקוקים 6 יח בשקית 15 סמ,שמחה זה אנחנו בעמ,יח`,,1,14.90,14.90
2767,תחליב רחצה לבנדר נקה  (17 ליטר),החברה הדרומית לשיווק בעמ,יח`,,1,12.90,12.90
2768,סבון מוצק נקה 7 רביעייה,החברה הדרומית לשיווק בעמ,יח`,,1,11.90,2.98
2769,סבון מוצק נקה 7 רביעייה,החברה הדרומית לשיווק בעמ,יח`,,1,11.90,2.98
2770,תה ירוק לימונית לאויזה מריסה 25 שקיקים,תה ויסוצקי (ישראל) בעמ,יח`,,1,17.50,31.82
2771,תה קמומיל ונענע ויסוצקי הגן הקסום) (25,תה ויסוצקי (ישראל) בעמ,יח`,,1,17.50,46.67
2772,תה ירוק מרווה ויסוצקי) (25,תה ויסוצקי (ישראל) בעמ,יח`,,1,24.90,66.40
2773,גרין גרנולה פקאן,משה סידס ובנו בעמ,יח`,,1,25.90,25.90
2774,מוזלי קראנצ`י שקדים ואגוזים גרין (1 קג),משה סידס ובנו בעמ,יח`,,1,25.90,25.90
2775,גרין מוזלי תפוחים חמניות וקינמון 1 קג,משה סידס ובנו בעמ,יח`,,1,25.90,25.90
2776,מוזלי קראנצ`י 30% פירות גרין (1 קג),משה סידס ובנו בעמ,יח`,,1,25.90,25.90
2777,גרין מוזלי 30% פירות מופחת שומן 1 קג,משה סידס ובנו בעמ,יח`,,1,25.90,2.59
2778,גרנולה בתוספת שקדים ואגוזים גרין (1 קג),משה סידס ובנו בעמ,יח`,,1,26,26
2779,גרנולה בתוספת פירות גרין (1 קג),משה סידס ובנו בעמ,יח`,,1,26,26
2780,בירה פאולנר רביעיות,טמפו משקאות בעמ,יח`,,1,47.90,3.54
2781,בירה שנדי תפוח מכבי (330x6 מל),טמפו משקאות בעמ,יח`,,1,36.90,1.77
2782,בירה שנדי אפרסק מכבי (330x6 מל),טמפו משקאות בעמ,יח`,,1,36.90,1.77
2783,דניאלה מעדן בטעם בננה שטראוס (88 גרם),שטראוס גרופ בעמ/מצונן,יח`,,1,4,2.67
2784,גבינת  קוטג`5% שטראוס (250 גרם),שטראוס גרופ בעמ/מצונן,יח`,,1,5.90,2.36
2785,עלים לקרמשניט 300 גר`,דנשר (1963) בעמ,יח`,,1,17.90,5.97
2786,בישקוטים ליידיפינגרז בונומי (200 גרם),דנשר (1963) בעמ,יח`,,1,7.90,3.95
2787,פלדג זוג,דנשר (1963) בעמ,יח`,,1,22.90,4.58
2788,גלילונית שקיות לסנדוויץ 350 יח,דנשר (1963) בעמ,יח`,,1,10.90,10.90
2789,ריבת חלב דולכור (454 גרם),דנשר (1963) בעמ,יח`,,1,17.90,3.94
2790,ג`ל לאסלה טיפות טל טואלט דאק (55 מל),דנשר (1963) בעמ,יח`,,1,12.90,23.45
2791,ג`ל לאסלה לבנדר טואלט דאק (55 מל),דנשר (1963) בעמ,יח`,,1,12.90,23.45
2792,זרעי פשתן 450 גר`,מיה תעשיות מזון מ.ת.מ. בעמ,יח`,,1,9.90,2.20
2793,קינואה מיה (500 גרם),מיה תעשיות מזון מ.ת.מ. בעמ,יח`,,1,19.90,3.98
2794,תן צ`אפ טבעות שמינייה טבעי,מיה תעשיות מזון מ.ת.מ. בעמ,יח`,,1,9.90,16.50
2795,קינואה מיה (1 קג),מיה תעשיות מזון מ.ת.מ. בעמ,יח`,,1,29.90,2.99
2796,תערובת לקדירה לקט בריאות 600 גר`,מיה תעשיות מזון מ.ת.מ. בעמ,יח`,,1,13.90,2.32
2797,תערובת לקדירה לקט הכפר 600 גר`,מיה תעשיות מזון מ.ת.מ. בעמ,יח`,,1,13.90,2.32
2798,שמן זית כתית מעולה (750 מל),מיה תעשיות מזון מ.ת.מ. בעמ,יח`,,1,30.90,4.12
2799,שעועית שחורה 500  גר`מיה,מיה תעשיות מזון מ.ת.מ. בעמ,יח`,,1,11.90,2.38
2800,שעועית לוביה 400 גר`,מיה תעשיות מזון מ.ת.מ. בעמ,יח`,,1,11.90,2.98
2801,קרקר שישה דגנים בייגל בייגל (200 גרם),יוניליוור ישראל שיווק בעמ,יח`,,1,8.90,4.45
2802,קרקר שום ועישבי תיבול 285 גרם,יוניליוור ישראל שיווק בעמ,יח`,,1,9.90,3.47
2803,חלבה קלאסית שוקו וניל,קבוצת אסם סחר שות. מוגבלת,יח`,,1,13.90,3.97
2804,מאגדת חלבה פיסטוק,קבוצת אסם סחר שות. מוגבלת,יח`,,1,11.90,11.90
2805,דבש מפרחי בר בלחיץ 650 גר`,שטראוס גרופ בעמ,יח`,,1,34.90,5.37
2806,תחליף חלב שלב 2 חלבי מטרנה (700 גרם),קבוצת אסם סחר שות. מוגבלת,יח`,,1,49.90,7.13
2807,תחליף חלב שלב 1 מהדרין מטרנה (700 גרם),קבוצת אסם סחר שות. מוגבלת,יח`,,1,49.90,7.13
2808,מרשמלו מהדרין ורוד לבן 30 גר`,כרמית תעשיות ממתקים בעמ,יח`,,1,1.90,6.33
2809,קרקר עם מלח המותג (110 גרם),דין שיווק - עטרת,יח`,,1,3,2.73
2810,גבינת פטה כבשים 20% גד (250 גרם),מחלבות גד שיווק 1992 בעמ,יח`,,1,25.90,10.36
2811,גבינה בולגרית 5% גד (250 גרם),מחלבות גד שיווק 1992 בעמ,יח`,,1,23.90,9.56
2812,גבינה בולגרית 16% גד (250 גרם),מחלבות גד שיווק 1992 בעמ,יח`,,1,23.90,9.56
2813,בולגרית לסלט 5% 200 גר`,מחלבות גד שיווק 1992 בעמ,יח`,,1,21.90,10.95
2814,פטה עיזים מעודנת 5% גד,מחלבות גד שיווק 1992 בעמ,יח`,,1,30.90,12.36
2815,גבינה בולגרית מעודנת 5% גד (250 גרם),מחלבות גד שיווק 1992 בעמ,יח`,,1,23.90,9.56
2816,גבינה קממבר צאן 25% גד (125 גרם),מחלבות גד שיווק 1992 בעמ,יח`,,1,18.90,15.12
2817,גבינת קשקאבל 26% שומן גד (200 גרם),מחלבות גד שיווק 1992 בעמ,יח`,,1,25.90,12.95
2818,גבינה פטה עיזים 20% גד (200 גרם),מחלבות גד שיווק 1992 בעמ,יח`,,1,26.90,13.45
2819,גבינת חלומי 24% מחלב בקר גד (200 גרם),מחלבות גד שיווק 1992 בעמ,יח`,,1,21.90,10.95
2820,גבינת במרקם שמנת 5% טבעי גד,מחלבות גד שיווק 1992 בעמ,יח`,,1,11.90,5.95
2821,לאבנה דרוזית 9% גד (500 גרם),מחלבות גד שיווק 1992 בעמ,יח`,,1,19.90,3.98
2822,גבינת שמנת 30% 200 גר` גד,מחלבות גד שיווק 1992 בעמ,יח`,,1,12.90,6.45
2823,גבינת ריקוטה פרסקה 9% גד (300 גרם),מחלבות גד שיווק 1992 בעמ,יח`,,1,17.90,5.97
2824,גבינת שמנת 30% זיתים 200 גר` גד,מחלבות גד שיווק 1992 בעמ,יח`,,1,12.90,6.45
2825,חמוציות דל סוכר שקדיה (250 גרם),דין שיווק וקליה בעמ,יח`,,1,14.90,5.96
2826,קיסמי שיניים פלסטיק הוסטס) (200,אינטרסן 1996 בעמ,יח`,,1,9.90,9.90
2827,אקטימל בטעם תות דנונה (100x14 מל),שטראוס גרופ בעמ/מצונן,יח`,,1,29.90,21.36
2828,מינוט סלמון 300  גר`.,בלדי בעמ,יח`,,1,39.90,13.30
2829,קרפציו עגל 210  גר`בלדי,בלדי בעמ,יח`,,1,39.90,19
2830,קמח ללא גלוטן גלעם (1 קג),תומר יבוא ושיווק מוצרי מזון (1,יח`,,1,4.90,0.49
2831,קמח כרגיל  ללחם- ללא גלוטן,תומר יבוא ושיווק מוצרי מזון (1,יח`,,1,15.90,3.18
2832,קמח נטול גלוטן-כרגיל  עוגה בטעעם שוקולד,תומר יבוא ושיווק מוצרי מזון (1,יח`,,1,15.90,3.53
2833,הפי למקלחון מחליק  מים- שקוף,יעקב יעקבי ובניו בעמ,יח`,,1,20.90,2.79
2834,תירס גמדי תומר (420 גרם),תומר יבוא ושיווק מוצרי מזון (1,יח`,,1,3.90,0.98
2835,תחתיות ארטישוק,תומר יבוא ושיווק מוצרי מזון (1,יח`,,1,9.90,2.48
2836,פילה אנשובי בשמן תומר (45 גרם),תומר יבוא ושיווק מוצרי מזון (1,יח`,,1,5.90,13.11
2837,נודלס דק 200  גר`תומר,תומר יבוא ושיווק מוצרי מזון (1,יח`,,1,2.90,1.45
2838,עגבניות קצוצות בשמן 340 גר תומר,תומר יבוא ושיווק מוצרי מזון (1,יח`,,1,12.90,3.79
2839,זיתים סורי ירוק מבוקע 800 גר` סבא חביב,אבאל יזמות בעמ,יח`,,1,19.90,2.49
2840,סנו אנטי קאלק 4ב1 700 מל,החברה הדרומית לשיווק בעמ,יח`,,1,19.90,2.84
2841,פרש אוטומטיק מאסק סנו (250 מל),החברה הדרומית לשיווק בעמ,יח`,,1,13.90,5.56
2842,מטלית רצפה מיקרופייבר סנו סושי,החברה הדרומית לשיווק בעמ,יח`,,1,11.90,11.90
2843,סנו מקסימה 4 ליטר ורוד,החברה הדרומית לשיווק בעמ,יח`,,1,19.90,4.98
2844,קולון 1.25 קג 101 כתמים,רקיט בנקיזר (ניר איסט) בעמ,יח`,,1,19.90,15.92
2845,נגיסי אורז לתינוקות טעם טבעי,דנשר (1963) בעמ,יח`,,1,13.90,27.80
2846,בייבי ביס בטעם גזר,דנשר (1963) בעמ,יח`,,1,13.90,27.80
2847,נגיסי אורז לתינוק בטעם בננה,דנשר (1963) בעמ,יח`,,1,13.90,27.80
2848,חטיף בריאות לילדים כתמטמינים (45 גרם),גורי מוצרי צריכה (1991) בעמ,יח`,,1,5.90,12.83
2849,חטיף לתינוק כתמטמינים טחינה 45 גר,גורי מוצרי צריכה (1991) בעמ,יח`,,1,5.90,13.11
2850,חטיף גזר וסלק טבעונים,גורי מוצרי צריכה (1991) בעמ,יח`,,1,5.90,13.11
2851,משחת שיניים ילדים ג`וניור 50 מל,גורי ע.ע.ע בעמ,יח`,,1,13.90,27.80
2852,מן ג`ל גילוח לעור רגיל קרמה (200 מל),החברה הדרומית לשיווק בעמ,יח`,,1,16.90,8.45
2853,ג`ל אלוורה לניקוי ידיים ללא מים 300 מל,החברה הדרומית לשיווק בעמ,יח`,,1,25,8.33
2854,משחת שיניים אורביטול בוב ספוג 70 גרם,החברה הדרומית לשיווק בעמ,יח`,,1,7.90,11.29
2855,מתז עובש בניחוח לימון 1 לייטר סנו,החברה הדרומית לשיווק בעמ,יח`,,1,15.90,1.59
2856,תה ירוק עם צמחי מנטה קוויק תה,עיסא ערטול בעמ,יח`,,1,24.90,24.90
2857,מטבוחה מרוקאית רפי כהן צבר (400 גרם),קבוצת אסם סחר שות. מוגבלת,יח`,,1,15.90,3.98
2858,טחינה בלאדי רפי כהן צבר (400 גרם),קבוצת אסם סחר שות. מוגבלת,יח`,,1,15.90,3.98
2859,ביסבול כדורי פירה תפוגן (700 גרם),קבוצת אסם סחר שות. מוגבלת,יח`,,1,12.90,1.84
2860,ביסבול תירס תפוגן (700 גרם),קבוצת אסם סחר שות. מוגבלת,יח`,,1,12.90,1.84
2861,תפוגן ביסבול בצל 700 גר`,קבוצת אסם סחר שות. מוגבלת,יח`,,1,12.90,1.84
2862,שניצל עוף ותירס מאמא עוף (750 גרם),תנובה קפואים,יח`,,1,36,4.80
2863,סנו סושי רדיד אלומיניום,החברה הדרומית לשיווק בעמ,יח`,,1,12.90,12.90
2864,סנו מקסימה 6 קג מאסק,החברה הדרומית לשיווק בעמ,יח`,,1,49.90,0.83
2865,ליסטרין טאגד פלוריד 500 מל,שקד תבל בעמ,יח`,,1,19.90,3.98
2866,טופו אורגני ליב (300 גרם),ל.י.ב. (לחיות יותר בטבע) בעמ,יח`,,1,11.90,3.97
2867,טופו טבעי ליב (300 גרם),ל.י.ב. (לחיות יותר בטבע) בעמ,יח`,,1,9.90,3.30
2868,זית סורי עם לימון כבוש זיתא (230 גרם),תה ויסוצקי (ישראל) בעמ,יח`,,1,12.90,5.61
2869,זית שחור בסגנון טאסוס 215 גר` זיתא,תה ויסוצקי (ישראל) בעמ,יח`,,1,12.90,6
2870,שום גבישי 120 גר`,תבליני טעם וריח בעמ,יח`,,1,8.90,7.42
2871,מלח לימון 700 גר`,תבליני טעם וריח בעמ,יח`,,1,19.90,2.84
2872,תיבול על האש 100 גר`,תבליני טעם וריח בעמ,יח`,,1,8.90,8.90
2873,מגבונים לחים טייגר חמישייה 72 יח,פאלאס תעשיות נטו (2014) בעמ,יח`,,1,11.90,2.38
2874,אטריות ביצים טעמי אסיה (454 גרם),טעמי אסיה בעמ,יח`,,1,9.90,2.18
2875,צ`ילי חריף 700,טעמי אסיה בעמ,יח`,,1,8.90,1.27
2876,רוטב צ`לי מתוק 300 מל אסיה,טעמי אסיה בעמ,יח`,,1,7.90,2.63
2877,רוטב צ`ילי מתוק טעמי אסיה (700 מל),טעמי אסיה בעמ,יח`,,1,8.90,1.27
2878,אצות נורי סילוור טעמי אסיה (10),טעמי אסיה בעמ,יח`,,1,7.90,31.60
2879,רוטב סויה בסגנון יפני 280,טעמי אסיה בעמ,יח`,,1,9.90,3.54
2880,מי קוקוס טעמי אסיה (400 מל),טעמי אסיה בעמ,יח`,,1,7.90,1.98
2881,אטריות אורז דקות טעמי אסיה (400 גרם),טעמי אסיה בעמ,יח`,,1,9.90,2.48
2882,אטריות אורז 3 סמ טעמי אסיה (400 גרם),טעמי אסיה בעמ,יח`,,1,9.90,2.48
2883,רוטב חמוץ מתוק 300 מל,טעמי אסיה בעמ,יח`,,1,9.90,3.30
2884,רוטב פאד תאי טעמי אסיה (300 מל),טעמי אסיה בעמ,יח`,,1,16.90,4.62
2885,טעם אסיה אצות וקאמה 100גר,טעמי אסיה בעמ,יח`,,1,11.90,11.90
2886,קמח טמפורה כשר מזרח ומערב 500 גר`,טעמי אסיה בעמ,יח`,,1,10.90,2.18
2887,פנקו טעמי אסיה (200 גרם),טעמי אסיה בעמ,יח`,,1,10.90,5.45
2888,אבקת רוטב ווסבי 70 גר`,טעמי אסיה בעמ,יח`,,1,17.90,25.57
2889,מקלוני שעועית טעמי אסיה (250 גרם),טעמי אסיה בעמ,יח`,,1,5.90,2.36
2890,רוטב טריאקי טעמי אסיה (300 מל),טעמי אסיה בעמ,יח`,,1,10.90,3.63
2891,חרדל דיגון גרעינים 350 גרם,דיפלומט היינץ,יח`,,1,12.90,3.79
2892,רסק תפוע רביעייה תומר,תומר יבוא ושיווק מוצרי מזון (1,יח`,,1,9.90,2.19
2893,רסק תפוע רביעייה קינמון תומר,תומר יבוא ושיווק מוצרי מזון (1,יח`,,1,9.90,2.19
2894,קריספיות,דילייט 2005 בעמ,יח`,,1,11.90,19.83
2895,קריספיות חיטה מלאה,דילייט 2005 בעמ,יח`,,1,13.90,18.53
2896,קריספיות קידס 30 גרם,דילייט 2005 בעמ,יח`,,1,10.90,36.33
2897,חטיפי קראנצ` פאפיה 30 גר` כשר לפסח,דילייט 2005 בעמ,יח`,,1,3.90,3.90
2898,אל.אמ קצר רד לייבל חפיסה) (20,פיליפ מוריס בעמ,יח`,,1,28,28
2899,אל.אמ בלו לייבל קצר חפיסה) (20,פיליפ מוריס בעמ,יח`,,1,28,28
2900,ל.מ.פורוורד בודד,פיליפ מוריס בעמ,יח`,,1,28,28
2901,מרלבורו פיין  טאצ`פאקט) (10,פיליפ מוריס בעמ,יח`,,1,285,285
2902,מרלבורו גולד פאקט) (10 חדש,פיליפ מוריס בעמ,יח`,,1,320,320
2903,רפאל`ס חטיף שבעה דגנים תפוח קינמון 140,כרמית תעשיות ממתקים בעמ,יח`,,1,9.90,7.07
2904,מברשת שיניים אורביטול (4),החברה הדרומית לשיווק בעמ,יח`,,1,11.90,11.90
2905,סנוקליר שקית מילוי 750 מל,החברה הדרומית לשיווק בעמ,יח`,,1,7.90,1.05
2906,ריצפז פרש 2 ליטר לילך,החברה הדרומית לשיווק בעמ,יח`,,1,21.90,10.95
2907,קרמה ג`ל רחצה לגבר 700 מל כתום,החברה הדרומית לשיווק בעמ,יח`,,1,20.90,2.99
2908,קרמה ג`ל רחצה לגבר 700 מל,החברה הדרומית לשיווק בעמ,יח`,,1,20.90,2.99
2909,סנו מקסימה מרכך 1 ליטר כחול,החברה הדרומית לשיווק בעמ,יח`,,1,17.90,1.79
2910,סנו מקסימה מרכך 1 ליטר ורוד בהיר,החברה הדרומית לשיווק בעמ,יח`,,1,17.90,1.79
2911,אורביטול שטיפת מי פה טעם סוכירות ג`לי,החברה הדרומית לשיווק בעמ,יח`,,1,9.90,3.96
2912,סנו מקסימה 4 ליטר,החברה הדרומית לשיווק בעמ,יח`,,1,19.90,4.98
2913,סנו קליר 750 מל לחלונות,החברה הדרומית לשיווק בעמ,יח`,,1,13.90,1.85
2914,סנו אינסטלטור נוזלי 1 ליטר,החברה הדרומית לשיווק בעמ,יח`,,1,30.90,30.90
2915,מיונז לינה (430 גרם),יורוסטנדרט בעמ,יח`,,1,10,2.33
2916,מיונז לינה 860 גר`,יורוסטנדרט בעמ,יח`,,1,18,2.09
2917,סוכרלוז טבליות מרמולייט) (150,דנשר (1963) בעמ,יח`,,1,32.90,21.93
2918,אל סבון פרחי בר ורוד פמילי (1 ליטר),דנשר (1963) בעמ,יח`,,1,14.90,1.49
2919,אל סבון פמילי שלישייה מעורב פרלי,דנשר (1963) בעמ,יח`,,1,15.90,15.90
2920,נקניק סלמי מעושן פראג זוגלובק (400 גרם),זוגלובק שיווק בעמ,יח`,,1,21.90,5.48
2921,קבנוס זוגלובק (45x3 גרם),זוגלובק שיווק בעמ,יח`,,1,11.90,8.81
2922,נקניקיה מן הצומח עשירה בחלבון 460  גר`זו,זוגלובק שיווק בעמ,יח`,,1,27.90,6.07
2923,בורגר פטריות עדשים וקינואה 450  גר`זוגלו,זוגלובק שיווק בעמ,יח`,,1,27.90,6.20
2924,שניצל דק דק מן הצומח עשיר 540  גר`זוגלוב,זוגלובק שיווק בעמ,יח`,,1,27.90,5.17
2925,קבנוס בטעם שום זוגלובק (45x3 גרם),זוגלובק שיווק בעמ,יח`,,1,11.90,8.81
2926,קבנוס 135 גר` עם צ`ילי חריף זוגלובק,זוגלובק שיווק בעמ,יח`,,1,11.90,8.81
2927,קבנוס בטעם בצל זוגלובק (45x3 גרם),זוגלובק שיווק בעמ,יח`,,1,11.90,8.81
2928,סלמי מעושן דק דק 120 גר` זוגלובק,זוגלובק שיווק בעמ,יח`,,1,13.50,11.25
2929,זוגלובק סלמי פפרוני 360 ג,זוגלובק שיווק בעמ,יח`,,1,19.90,5.53
2930,קבנוס מעודן 135 גרם,זוגלובק שיווק בעמ,יח`,,1,10.90,8.07
2931,פסטרמה בדבש 120 גר` זוגלובק,זוגלובק שיווק בעמ,יח`,,1,13.50,11.25
2932,פסטרמה ברביקין 120 גר` זוגלובק,זוגלובק שיווק בעמ,יח`,,1,13.50,11.25
2933,חזה בקר 120 גר` זוגלובק,זוגלובק שיווק בעמ,יח`,,1,13.50,11.25
2934,קבנוס סטיקס 50 גר` זוגלובק,זוגלובק שיווק בעמ,יח`,,1,9.90,19.80
2935,בורקס מיני תפוח אדמה 400 גר` זוגלובק,זוגלובק שיווק בעמ,יח`,,1,11.90,2.98
2936,פטרמה חזה עוף 120 גר` זוגלובק,זוגלובק שיווק בעמ,יח`,,1,13.50,11.25
2937,ריבועי בצק עלים 400 גר` זוגלובק מיקי שמו,זוגלובק שיווק בעמ,יח`,,1,14.90,3.73
2938,נקניקיות מרגז קפואות זוגלובק (450 גרם),זוגלובק שיווק בעמ,יח`,,1,29.90,6.64
2939,אקטיב פסטרמה הודו בדבש 125 גר זוגלובק,זוגלובק שיווק בעמ,יח`,,1,16.90,13.52
2940,חלבה מסולסלת,דין שיווק וקליה בעמ,יח`,,1,14.90,2.98
2941,מלפפון פרוסות במלח,קבוצת יבנה מוצרי מזון אגודה שי,יח`,,1,6.90,1.28
2942,זיתים קלמטה בחומץ יין,קבוצת יבנה מוצרי מזון אגודה שי,יח`,,1,9.90,1.77
2943,אפקטיב קר קרם גוף 700 מל,פישר תעשיות פרמצבטיות בעמ,יח`,,1,29.90,4.27
2944,שוופס מוגז פירות אשכולית אדומה 1.5 ליטר,יפאורה,יח`,,1,6.90,4.60
2945,משקה ראשן שוופס (1.5 ליטר),יפאורה,יח`,,1,9.90,0.66
2946,משקה קל מנגו עסיסי תפוזינה (1.5 ליטר),יפאורה,יח`,,1,6.50,0.43
2947,משקה קל ענבים ספרינג (1.5 ליטר),יפאורה,יח`,,1,6.40,0.43
2948,תה קר מנגו אפרסק ספרינג (1.5 ליטר),יפאורה,יח`,,1,6.40,4.27
2949,תה ירוק חמוציות ויסוצקי) (25,תה ויסוצקי (ישראל) בעמ,יח`,,1,24.90,66.40
2950,סוכריות ללא סוכר בטעם תות 80 גר`,מיה תעשיות מזון מ.ת.מ. בעמ,יח`,,1,8.90,11.13
2951,קישוטי עוגה 70 גר`,מיה תעשיות מזון מ.ת.מ. בעמ,יח`,,1,5.90,8.43
2952,אורז בסמטי דאווט וילי פוד (5 קג),ג.וילי-פוד אינטרנשיונל בעמ,יח`,,1,49.90,9.98
2953,קצפת מתוקה מוכנה בספריי 200 מל פרווה וי,ג.וילי-פוד אינטרנשיונל בעמ,יח`,,1,13.90,6.95
2954,שניצל תירס ללא גלוטן טבעול (664 גרם),קבוצת אסם סחר שות. מוגבלת,יח`,,1,19.90,2.65
2955,רזרב גוורצטרמינר 750 מל יקבי ברקן,טמפו משקאות בעמ,יח`,,1,49.90,6.61
2956,יין פרימייר אדום -קברנה סובניון ומלבק,טמפו משקאות בעמ,יח`,,1,24.90,3.28
2957,פרמייר אמרלד ריזלינג יקבי ברקן (750 מל),טמפו משקאות בעמ,יח`,,1,24.90,3.28
2958,פלפלונים אדום בחומץ חריף 540 מ`ל תומר,תומר יבוא ושיווק מוצרי מזון (1,יח`,,1,9.90,1.83
2959,פלפלונים צהוב בחומץ חריף 530 מ`ל תומר,תומר יבוא ושיווק מוצרי מזון (1,יח`,,1,9.90,1.87
2960,יגורט חצי חצי 375 גר`,שטראוס גרופ בעמ/מצונן,יח`,,1,11.90,3.17
2961,יוגורט עיזים עם תות בננה 2% שומן ( 250,שטראוס גרופ בעמ/מצונן,יח`,,1,7.90,3.16
2962,יוגורט עיזים 750 מל בדלי,שטראוס גרופ בעמ/מצונן,יח`,,1,19.90,2.65
2963,יוגורט עיזים בטעם טיבעי 150 גר` חלב האר,שטראוס גרופ בעמ/מצונן,יח`,,1,5.90,3.93
2964,קובה מרק 400 גר,חמים וטעים בעמ,יח`,,1,11.90,2.98
2965,רביולי בטטה,חמים וטעים בעמ,יח`,,1,11.90,2.98
2966,רביולי פטריות,חמים וטעים בעמ,יח`,,1,11.90,2.98
2967,שקיות אוכל המותג) (200,דין שיווק - עטרת,יח`,,1,7.90,0.04
2968,סטיוויה שקיות סוכרזית (100),שטראוס גרופ בעמ,יח`,,1,29.90,29.90
2969,סוכרלוז מרמולייט) (200,דנשר (1963) בעמ,יח`,,1,45.90,22.95
2970,שוקולד טוסו 100  גר`מריר 62%,דנשר (1963) בעמ,יח`,,1,12.90,12.90
2971,שוקולד טוסו 100  גר`מריר,דנשר (1963) בעמ,יח`,,1,12.90,12.90
2972,שוקולד טוסו 100  גר`חלבי+אגזוים,דנשר (1963) בעמ,יח`,,1,12.90,12.90
2973,פמילי אל סבון 500 מל+משאבה,דנשר (1963) בעמ,יח`,,1,6.90,1.38
2974,אל סבון נוזלי יסמין ולבנדר כיף (1 ליטר),החברה הדרומית לשיווק בעמ,יח`,,1,13.90,1.39
2975,סנו מקסימה מרכך 1 ליטר ורוד פסים,החברה הדרומית לשיווק בעמ,יח`,,1,17.90,1.79
2976,ריצפז פרש מטליות חד פעמיות 10 יח`,החברה הדרומית לשיווק בעמ,יח`,,1,12.90,12.90
2977,מטליות לחות לריצפה סנו סושי (10),החברה הדרומית לשיווק בעמ,יח`,,1,9.90,9.90
2978,ריצפז פרש 2 ליטר,החברה הדרומית לשיווק בעמ,יח`,,1,21.90,0.01
2979,נייר טואלט סופט 32 גלגלים,החברה הדרומית לשיווק בעמ,יח`,,1,42.90,42.90
2980,נבטי חמניה,א.אדמה (2007) בעמ,יח`,,1,9.90,9.90
2981,אלפלפא,א.אדמה (2007) בעמ,יח`,,1,7.90,7.90
2982,חומץ תפוחים 946 מל גאלה,מור-ים מרקטינג בעמ,יח`,,1,13.90,1.47
2983,ארוחת אטריות עם גבינה 206  גר`Doodles,מור-ים מרקטינג בעמ,יח`,,1,10.90,5.29
2984,דיניקולה רוטב פסטה בזיליקום 737  גר`כשר,מור-ים מרקטינג בעמ,יח`,,1,14.90,2.02
2985,ארוחת אטריות עם גבינה מסולסלים 156 גר`,מור-ים מרקטינג בעמ,יח`,,1,10.90,5.29
2986,רוטב סויה בהירה 500 מל,טעמי אסיה בעמ,יח`,,1,14.90,2.98
2987,רוטב סויה כהה 500 מל טעמי אסיה,טעמי אסיה בעמ,יח`,,1,10.90,2.18
2988,רוטב טריאקי שומשום 300 מל,טעמי אסיה בעמ,יח`,,1,13.90,4.63
2989,דפי אורז 22 סמ טעמי אסיה (300 גרם),טעמי אסיה בעמ,יח`,,1,10.90,3.63
2990,ממרח קארי ירוק טעמי אסיה (400 גרם),טעמי אסיה בעמ,יח`,,1,18.50,4.63
2991,ממרח קארי אדום טעמי אסיה (400 גרם),טעמי אסיה בעמ,יח`,,1,18.50,4.63
2992,קרם קוקוס טעמי אסיה (400 מל),טעמי אסיה בעמ,יח`,,1,9.90,2.48
2993,רצועות דלעת כבושה 100 גר`,טעמי אסיה בעמ,יח`,,1,10.90,10.90
2994,ג`ינג`ר לסושי ורוד 250 גר,טעמי אסיה בעמ,יח`,,1,8.90,3.56
2995,שמן שומשום טעמי אסיה (150 מל),טעמי אסיה בעמ,יח`,,1,14.90,9.93
2996,דפי אורז עגולים 16 סמ,טעמי אסיה בעמ,יח`,,1,10.90,5.45
2997,דפי אורז מרובעים 22 סמ,טעמי אסיה בעמ,יח`,,1,10.90,3.63
2998,רוטב צילי מתוק 700 מל,טעמי אסיה בעמ,יח`,,1,13.50,1.93
2999,בירה בהירה בירה מלכה (330 מל),הכרם - משקאות חריפים בעמ,יח`,,1,13.90,4.12
3000,בירה אדמונית בירה מלכה (330 מל),הכרם - משקאות חריפים בעמ,יח`,,1,13.90,4.12
3001,הל טחון 35 גר`,א.ל.ייצור ושיווק תבלינים בעמ,יח`,,1,14.90,42.57
3002,ציפורן שלם 25 גר`,א.ל.ייצור ושיווק תבלינים בעמ,יח`,,1,11.90,47.60
3003,סומק תבליני מימון (40 גרם),א.ל.ייצור ושיווק תבלינים בעמ,יח`,,1,11.90,29.75
3004,דיימונד עבה 087,גורי ע.ע.ע בעמ,יח`,,1,14.90,14.90
3005,הלבנה עדינה סנסודיין (75 מל),גורי ע.ע.ע בעמ,יח`,,1,20,26.67
3006,משחת שיניים בטעם מנטה סנסודיין (75 מל),גורי ע.ע.ע בעמ,יח`,,1,20,26.67
3007,מדליק פחם נוזלי 250 מל,אינטרסן 1996 בעמ,יח`,,1,9.90,3.96
3008,קיסמי שיניים במבוק הוסטס (500),אינטרסן 1996 בעמ,יח`,,1,3.90,3.90
3009,מדליק פחם מוצק אקולוגי 32 יח,אינטרסן 1996 בעמ,יח`,,1,6.90,6.90
3010,שקיות צליה ג`מבו הוסטס 5 יח` בקופסא,אינטרסן 1996 בעמ,יח`,,1,4.90,4.90
3011,סילאן 900ג - חתם סופר,דנשר (1963) בעמ,יח`,,1,12.90,1.43
3012,תמר כבוש 500 גר`,דנשר (1963) בעמ,יח`,,1,10.90,2.18
3013,טבליות אסלה-קופסא,יעקב יעקבי ובניו בעמ,יח`,,1,14.90,3.73
3014,סבון אסלה זוגי הפי,יעקב יעקבי ובניו בעמ,יח`,,1,9.90,11.25
3015,לחם אנג`ל 100 בתוספת שיפון-קל 750גר,שלמה א. אנג`ל בעמ,יח`,,1,12.90,1.72
3016,שמן קנולה ליטר פלוס,בני פאוזי שמשום (2009) בעמ,יח`,,1,5.90,5.90
3017,אקווה נובה 2 ליטר שישיה,טמפו משקאות בעמ,יח`,,1,10.90,0.91
3018,אקווה נובה 2 ליטר בודד,טמפו משקאות בעמ,יח`,,1,4,2
3019,מטרנה אקסטרא קייר 700 גר` שלב 1,קבוצת אסם סחר שות. מוגבלת,יח`,,1,59.90,8.56
3020,מטרנה אקסטרא קייר 700 גר` שלב 2,קבוצת אסם סחר שות. מוגבלת,יח`,,1,59.90,8.56
3021,בורקס פילו גבינה מעדנות,תנובה קפואים,יח`,,1,21.90,3.65
3022,בורקס פילו תפוא מעדנות,תנובה קפואים,יח`,,1,21.90,3.65
3023,בורקס פילו פיצה מעדנות,תנובה קפואים,יח`,,1,21.90,3.65
3024,בורקס פילו בולגרית מעדנות,תנובה קפואים,יח`,,1,21.90,3.65
3025,בצק שמרים מתוק מעדנות,תנובה קפואים,יח`,,1,22.90,2.54
3026,לחם לבן גרין לייט (500 גרם),זוגלובק-גרין לייט,יח`,,1,15.90,3.18
3027,לחמניות בורגר 350  גר`ללא גלוטן,זוגלובק-גרין לייט,יח`,,1,13.90,3.97
3028,לחמיני`ס גרין לייט (420 גרם),זוגלובק-גרין לייט,יח`,,1,15.90,3.31
3029,לחמניות  סנדוויץ`גרין לייט (115x4 גרם),זוגלובק-גרין לייט,יח`,,1,15.90,15.90
3030,לחמניות נקנקיה ללא גלוטן,זוגלובק-גרין לייט,יח`,,1,15.90,3.46
3031,לחם לבן ביתי ללא גלוטן,זוגלובק-גרין לייט,יח`,,1,15.90,2.27
3032,תערובת עוגת שיש 560 גר`,מימונס אפיה בעמ,יח`,,1,15.90,2.84
3033,פודינג בטעם שוקולד 95 גר` מימונס,מימונס אפיה בעמ,יח`,,1,5.90,6.21
3034,מלבי 112 גר`,מימונס אפיה בעמ,יח`,,1,10.90,10.90
3035,קרם פטיסייר 100 גר`,מימונס אפיה בעמ,יח`,,1,10.90,10.90
3036,ג`לי בטעם תות 85 גר` מימונס,מימונס אפיה בעמ,יח`,,1,5.90,6.94
3037,גלילית וופל למילוי ג`וני,מימונס אפיה בעמ,יח`,,1,22.90,5.73
3038,תמצית אפיה בטעם שקדים 50 מל מימונס,מימונס אפיה בעמ,יח`,,1,4.50,9
3039,תמצית אפיה בטעם ורדים 50 מל מימונס,מימונס אפיה בעמ,יח`,,1,9.90,19.80
3040,צבע מאכל אדום מימונס (50 מל),מימונס אפיה בעמ,יח`,,1,4.90,9.80
3041,סירופ מייפל אמיתי מימונס (236 מל),מימונס אפיה בעמ,יח`,,1,38.90,16.48
3042,סירופ מייפל מימונס (500 גרם),מימונס אפיה בעמ,יח`,,1,14.90,2.98
3043,סירופ שוקולד מימונס (500 גרם),מימונס אפיה בעמ,יח`,,1,14.90,2.98
3044,100%סירופ מייפל אמיתי 187 מל,מימונס אפיה בעמ,יח`,,1,29.90,15.99
3045,שקד טבעי גרוס מימונס (100 גרם),מימונס אפיה בעמ,יח`,,1,11.90,11.90
3046,שקד מולבן גרוס מימונס (100 גרם),מימונס אפיה בעמ,יח`,,1,11.90,11.90
3047,שקד מולבן פרוס 100 גר`,מימונס אפיה בעמ,יח`,,1,11.90,11.90
3048,שקד מולבן חצוי מימונס (100 גרם),מימונס אפיה בעמ,יח`,,1,11.90,11.90
3049,פקאן מסוכר מימונס (100 גרם),מימונס אפיה בעמ,יח`,,1,15.90,15.90
3050,קוקוס לבן טחון מימונס (100 גרם),מימונס אפיה בעמ,יח`,,1,4.90,4.90
3051,שומשום מימונס (100 גרם),מימונס אפיה בעמ,יח`,,1,4.90,4.90
3052,שומשום מימונס (400 גרם),מימונס אפיה בעמ,יח`,,1,14.90,3.73
3053,גרעין חמנייה מקולף,מימונס אפיה בעמ,יח`,,1,5.90,5.90
3054,עלים לקרמשניט 300 גר,מימונס אפיה בעמ,יח`,,1,15.90,5.30
3055,טיפות לקישוט עוגה מימונס (60 גרם),מימונס אפיה בעמ,יח`,,1,15.90,26.50
3056,סוכר וניל מימונס (10x10 גרם),מימונס אפיה בעמ,יח`,,1,2.90,0.29
3057,אבקת אפיה מימונס (10x10 גרם),מימונס אפיה בעמ,יח`,,1,2.90,0.29
3058,סודה לשתיה מימונס (100 גרם),מימונס אפיה בעמ,יח`,,1,2.90,5.80
3059,תחתיות בצק פריך לאפייה ומילוי -טארטלטים,מימונס אפיה בעמ,יח`,,1,18.90,18.90
3060,קורנפלור 400 גר`,מימונס אפיה בעמ,יח`,,1,5.90,1.48
3061,סחוט 2 ליטר פריגת פריגת לימונענע,החב` המרכזית - טרה,יח`,,1,27.90,1.40
3062,מיץ הדרים מתקתק 100% ( 2 ליטר),החב` המרכזית - טרה,יח`,,1,22.90,22.90
3063,מיץ הדרים חמצמץ  (100% 2 ליטר),החב` המרכזית - טרה,יח`,,1,22.90,22.90
3064,פירורית כשר לפסח 350 גר`,קבוצת אסם סחר שות. מוגבלת,יח`,,1,10.90,3.11
3065,מיקס טרופי א.מ שרון (500 גרם),א.מ. שרון שיווק (2014) בעמ,יח`,,1,24.90,4.98
3066,פטל אדום א.מ שרון (500 גרם),א.מ. שרון שיווק (2014) בעמ,יח`,,1,24.90,4.98
3067,דומדמנית שחורה א.מ שרון (500 גרם),א.מ. שרון שיווק (2014) בעמ,יח`,,1,24.90,4.98
3068,מיקס פירות שדה א.מ שרון (500 גרם),א.מ. שרון שיווק (2014) בעמ,יח`,,1,24.90,4.98
3069,פטל שחור א.מ שרון (500 גרם),א.מ. שרון שיווק (2014) בעמ,יח`,,1,24.90,4.98
3070,חמוצית גן א.מ שרון (400 גרם),א.מ. שרון שיווק (2014) בעמ,יח`,,1,24.90,6.23
3071,מיקס פירות יער א.מ שרון (500 גרם),א.מ. שרון שיווק (2014) בעמ,יח`,,1,24.90,4.98
3072,תות שדה א.מ שרון (500 גרם),א.מ. שרון שיווק (2014) בעמ,יח`,,1,24.90,4.98
3073,אוכמנית א.מ שרון (400 גרם),א.מ. שרון שיווק (2014) בעמ,יח`,,1,24.90,6.23
3074,אננס קפוא 500 גר`,א.מ. שרון שיווק (2014) בעמ,יח`,,1,24.90,4.98
3075,מנגו קפוא 500 גר`,א.מ. שרון שיווק (2014) בעמ,יח`,,1,24.90,4.98
3076,מלון קפוא 500 גר`,א.מ. שרון שיווק (2014) בעמ,יח`,,1,24.90,4.98
3077,מאגדת מיני סולרו פירות טרופי,גלידות שטראוס בעמ,יח`,,1,21.90,4.56
3078,סנו מקסימה מרכך 1 ליטר כחול פסים,החברה הדרומית לשיווק בעמ,יח`,,1,17.90,1.79
3079,ריצפז פרש הום בניחוח מלון מפנק 2 ליטר,החברה הדרומית לשיווק בעמ,יח`,,1,19.90,19.90
3080,פוליוויקס פרקט סנו בתוספת שמן ארגן (2 לי,החברה הדרומית לשיווק בעמ,יח`,,1,21.90,21.90
3081,קרם גוף מאסק קרמה (500 מל),החברה הדרומית לשיווק בעמ,יח`,,1,21.90,4.38
3082,פוליוויקס פרקט סנו (2 ליטר),החברה הדרומית לשיווק בעמ,יח`,,1,21.90,21.90
3083,ריצפז פרש 2 ליטר מאסק,החברה הדרומית לשיווק בעמ,יח`,,1,21.90,10.95
3084,אוקסיג`ן ג`ל 3 ליטר,החברה הדרומית לשיווק בעמ,יח`,,1,29.90,9.97
3085,מקסימה ג`ל כביסה 3 ליטר,החברה הדרומית לשיווק בעמ,יח`,,1,29.60,9.87
3086,סנובון שלישיה מאסק,החברה הדרומית לשיווק בעמ,יח`,,1,11.90,6.10
3087,מקסימה מרכך סופר מרוכז ביו סנו (1 ליטר),החברה הדרומית לשיווק בעמ,יח`,,1,17.90,1.79
3088,סנו מקסימה מרכך 1 ליטר כחול בייבי,החברה הדרומית לשיווק בעמ,יח`,,1,17.90,1.79
3089,מקסימה ג`ל כביסה 3 ליטר,החברה הדרומית לשיווק בעמ,יח`,,1,29.60,9.87
3090,מקסימה ג`ל כביסה 3 ליטר,החברה הדרומית לשיווק בעמ,יח`,,1,29.60,0.01
3091,סנו K3 תחנת פיתיון 4 יח,החברה הדרומית לשיווק בעמ,יח`,,1,49.90,49.90
3092,ריצפז פרש הום בניחוח מלון בוטיק 2 ליטר,החברה הדרומית לשיווק בעמ,יח`,,1,19.90,19.90
3093,סושי ספוג הפלא אקסטרה סנו) (6,החברה הדרומית לשיווק בעמ,יח`,,1,14.90,14.90
3094,פוליויקס גרניט פורצלן 2 ליטר,החברה הדרומית לשיווק בעמ,יח`,,1,23.90,11.95
3095,ריצפז 3 ליטר פנטזיה,החברה הדרומית לשיווק בעמ,יח`,,1,17.90,5.97
3096,ריצפז פרש מטליות חד פעמיות 10 יח`,החברה הדרומית לשיווק בעמ,יח`,,1,12.90,12.90
3097,קוטל חרקים קיי 333 סנו (750 מל),החברה הדרומית לשיווק בעמ,יח`,,1,36.90,4.92
3098,בירה נגב אואזיס 330 מל,הכרם - משקאות חריפים בעמ,יח`,,1,13.90,4.12
3099,בירה נגב אמבר אייל 330 מל,הכרם - משקאות חריפים בעמ,יח`,,1,13.90,4.12
3100,פריניר טריו זיתים 560ג.,אבאל יזמות בעמ,יח`,,1,8.90,1.59
3101,פריניר טבעות זיתים מושחרים 560ג.,אבאל יזמות בעמ,יח`,,1,7.90,1.41
3102,פריניר זית מושחר ללא גלעין 560ג,אבאל יזמות בעמ,יח`,,1,6.90,1.23
3103,פריניר זיתים חרוזית ירוק a2,אבאל יזמות בעמ,יח`,,1,7.90,7.90
3104,פריניר מלפפון במלח 7-9 560ג.,אבאל יזמות בעמ,יח`,,1,5.90,1.05
3105,פריניר מלפפונים במלח 13-17 560ג,אבאל יזמות בעמ,יח`,,1,7.90,1.41
3106,רוטב פסטה 240 גר פריניר,אבאל יזמות בעמ,יח`,,1,5.90,2.27
3107,רוטב פיצה 240 גר` פרי ניר,אבאל יזמות בעמ,יח`,,1,5.90,2.46
3108,שיפודי במבוק ג`מבו 50 יח,אינטרסן 1996 בעמ,יח`,,1,3.90,3.90
3109,מדליקי פחם מוצק איזי לייט (40),אינטרסן 1996 בעמ,יח`,,1,7.90,7.90
3110,פירורי לחם מוזהבים מאסטר שף (320גרם),ש.שסטוביץ בעמ,יח`,,1,7.90,2.47
3111,פירורי לחם פנקו מוזהבים שום 300 גר` מנה,ש.שסטוביץ בעמ,יח`,,1,9.90,3.30
3112,רוטב טריאקי מאסטר שף (300 מל),ש.שסטוביץ בעמ,יח`,,1,11.90,3.97
3113,מיני קרוטונים שום בצל 350  גר`מנה מאסטר,ש.שסטוביץ בעמ,יח`,,1,19.90,5.69
3114,רוטב צ`ילי מתוק מאסטר שף (700 מל),ש.שסטוביץ בעמ,יח`,,1,12.90,1.84
3115,אטריות אורז רחבות 400 גר` מנה מאסטר שף,ש.שסטוביץ בעמ,יח`,,1,9.90,2.48
3116,נודלס ביצים 400 גר` מנה מאסטר שף,ש.שסטוביץ בעמ,יח`,,1,8.90,2.23
3117,מארז פריכיות אורז עם מלח מנה 264 גר,ש.שסטוביץ בעמ,יח`,,1,13.90,5.27
3118,מאגדת קרחוני שרבט פרווה אבטיח,נגה גלידות שותפות מוגבלת,יח`,,1,22.90,4.24
3119,פריכיות כוסמת ללא מלח,זנבר טבע בעמ,יח`,,1,9.90,39.60
3120,ערמונים קלופים 100 גר`,ג.וילי-פוד אינטרנשיונל בעמ,יח`,,1,5.90,5.90
3121,חצאי אפרסקים 820 גר` מהדרין,ג.וילי-פוד אינטרנשיונל בעמ,יח`,,1,7.90,0.96
3122,תפוא למיקרו,א.אדמה (2007) בעמ,יח`,,1,7.90,7.90
3123,רוטב פסטה לילדים יכין (260 גרם),זנלכל בעמ,יח`,,1,4.90,1.88
3124,סירופ 1 ליטר דיאט לימונענע,זנלכל בעמ,יח`,,1,7.90,0.79
3125,תורמוס יכין (580 גרם),זנלכל בעמ,יח`,,1,5.90,1.05
3126,פול מתובל יכין (580 גרם),זנלכל בעמ,יח`,,1,5.90,1.07
3127,שלישייה זיתים חרוזית יכין 200 גר,זנלכל בעמ,יח`,,1,11.90,5.95
3128,רוטב נפוליטנה יכין (260 גרם),זנלכל בעמ,יח`,,1,4.90,1.88
3129,רוטב לפסטה פומדורו יכין (260 גרם),זנלכל בעמ,יח`,,1,4.90,1.88
3130,שעועית לבנה מבושלת במים יכין (550 גרם),זנלכל בעמ,יח`,,1,5.90,1.07
3131,צ`יפס בטטה 100 גרכשלפ,מיה תעשיות מזון מ.ת.מ. בעמ,יח`,,1,9.90,9.90
3132,פילטונה פתיתי טונה בהירה בשמן צמחי רביעי,פילטונה תעשיות בעמ,יח`,,1,10,10
3133,פילה טונה ללא עור פרוס 800  גר`סדרת המאה,בלדי בעמ,יח`,,1,45.90,5.74
3134,מנות סלמון נורבגי 625  גר`סדרת המאה,בלדי בעמ,יח`,,1,59.90,9.58
3135,המבורגר זהב 400  גר`בלדי,בלדי בעמ,יח`,,1,15.90,3.98
3136,משקה קל לימונענע פריגת (1.5 ליטר),החברה המרכזית להפצת משקאות בעמ,יח`,,1,7.20,0.48
3137,ספרייט זירו 330 מל סילק,החברה המרכזית להפצת משקאות בעמ,יח`,,1,4.50,1.27
3138,ספרייט זירו 1.5 ליטר,החברה המרכזית להפצת משקאות בעמ,יח`,,1,6.90,4.60
3139,ספרייט זירו שישייה,החברה המרכזית להפצת משקאות בעמ,יח`,,1,37.90,4.21
3140,מארז מיוחד בירה קרלסברג (330x6 מל),החברה המרכזית להפצת משקאות בעמ,יח`,,1,36.90,1.77
3141,קוקה קולה 2 ליטר,החברה המרכזית להפצת משקאות בעמ,יח`,,1,7.90,0.40
3142,בקבוק זירו קוקה-קולה (1 ליטר),החברה המרכזית להפצת משקאות בעמ,יח`,,1,5.70,0.54
3143,בקבוק קוקה-קולה (1 ליטר),החברה המרכזית להפצת משקאות בעמ,יח`,,1,5.70,0.54
3144,קוקה קולה זירו 2 ליטר,החברה המרכזית להפצת משקאות בעמ,יח`,,1,7.90,0.40
3145,פריגת 1.5 ליטר אפרסק,החברה המרכזית להפצת משקאות בעמ,יח`,,1,7.20,4.80
3146,מארז סודה קינלי 1.5 ליטר שישייה,החברה המרכזית להפצת משקאות בעמ,יח`,,1,19.90,0.22
3147,ויסוצקי ice לימונית לואיזה 1.5 ליטר,החברה המרכזית להפצת משקאות בעמ,יח`,,1,7.90,5.27
3148,ויסוצקי ice ארל גריי 1.5 ליטר,החברה המרכזית להפצת משקאות בעמ,יח`,,1,7.90,5.27
3149,משקה קל תפוזים 1.5 ליטר פרימור,גניר (1992) בעמ,יח`,,1,5.80,5.80
3150,משקה קל ענבים 1.5 ליטר פרימור,גניר (1992) בעמ,יח`,,1,5.80,5.80
3151,משקה בטעם לימונים 1.5 ליטר פרימור,גניר (1992) בעמ,יח`,,1,5.80,5.80
3152,מיץ מנגו 1 ליטר פרימור,גניר (1992) בעמ,יח`,,1,6.50,6.50
3153,משקה קל אשכולית 1.5 ליטר פרימור,גניר (1992) בעמ,יח`,,1,5.80,5.80
3154,משקה קל דיאט אשכוליות 1.5 ליטר פרימור,גניר (1992) בעמ,יח`,,1,5.80,5.80
3155,משקה קל תפוחים 1.5 ליטר פרימור,גניר (1992) בעמ,יח`,,1,5.80,5.80
3156,נקטר תפוזים 1 ליטר פרימור,גניר (1992) בעמ,יח`,,1,6.50,6.50
3157,משקה לימונים עם נענע 1 ליטר פרימור,גניר (1992) בעמ,יח`,,1,6.50,6.50
3158,מיץ אפרסק 1 ליטר פרימור,גניר (1992) בעמ,יח`,,1,6.50,6.50
3159,נקטר תפוח עץ 1 ליטר פרימור,גניר (1992) בעמ,יח`,,1,6.50,6.50
3160,עוגיות שוקולד 200 גר כשלפ GFREE,גורי מוצרי צריכה (1991) בעמ,יח`,,1,17.90,8.95
3161,עוגיות מרוקאיות 200 גר כשלפ GFREE,גורי מוצרי צריכה (1991) בעמ,יח`,,1,17.90,8.95
3162,מגבונים להסרת איפור נטורל קר,פישר תעשיות פרמצבטיות בעמ,יח`,,1,24.90,24.90
3163,שניצל כלי תחבורה מאמא עוף (700 גרם),תנובה קפואים,יח`,,1,34.90,4.99
3164,פסטה א-לה רומר להקפצה 450 גר` מאמא עוף,תנובה קפואים,יח`,,1,19.90,4.42
3165,חגיגה אסייתית להקפצה 450 גר` מאמא עוף,תנובה קפואים,יח`,,1,19.90,4.42
3166,ירוק גלילי להקפצה 450 גר` מאמא עוף,תנובה קפואים,יח`,,1,19.90,4.42
3167,סוכריות גלי בינס קולה לימון 100 גר,מיה תעשיות מזון מ.ת.מ. בעמ,יח`,,1,8.90,8.90
3168,סוכריות גלי בינס מיקס פירות 100 גר,מיה תעשיות מזון מ.ת.מ. בעמ,יח`,,1,8.90,8.90
3169,אבקת שוקו 500 גר`,מיה תעשיות מזון מ.ת.מ. בעמ,יח`,,1,6.90,1.38
3170,כוסמת מיה (1 קג),מיה תעשיות מזון מ.ת.מ. בעמ,יח`,,1,13.90,1.39
3171,שמן אגוזי מלך מיה (1 ליטר),מיה תעשיות מזון מ.ת.מ. בעמ,יח`,,1,29.90,2.99
3172,מים בטעם פירות יער שוופס (1.5 ליטר),יפאורה,יח`,,1,6.30,0.42
3173,מים בטעם אפרסק שוופס (1.5 ליטר),יפאורה,יח`,,1,6.30,0.42
3174,מים בטעם ענבים שוופס (1.5 ליטר),יפאורה,יח`,,1,6.30,0.42
3175,מים בטעם תפוח שוופס (1.5 ליטר),יפאורה,יח`,,1,6.30,0.42
3176,משקה מוגז לימונייד שוופס (1.5 ליטר),יפאורה,יח`,,1,6.90,0.46
3177,משקה מוגז לימונדה ורודה שוופס (1.5 ליטר),יפאורה,יח`,,1,6.90,0.46
3178,שוופס מוגז עדין 1.5 ליטר אננס,יפאורה,יח`,,1,6.90,0.46
3179,נודלס עבה 400 גר`,דין שיווק וקליה בעמ,יח`,,1,4.90,1.23
3180,פסטה פנה חור 500 גר`,דורו איטליאן פרודקטס בעמ,יח`,,1,9.90,1.98
3181,פסטה פוזילי סרדי 500 גר`,דורו איטליאן פרודקטס בעמ,יח`,,1,9.90,1.98
3182,סטארקיסט טונה בשמן 3*80גר שלישיות,סטארקיסט דיפלומט היינץ,יח`,,1,13.90,5.79
3183,ס.ק לייט טונה 4% שומן עם עשבי תיבול 140,סטארקיסט דיפלומט היינץ,יח`,,1,7.90,5.64
3184,ס.ק לייט טונה 4% שומן עם לימון ופלפל חרי,סטארקיסט דיפלומט היינץ,יח`,,1,7.90,5.64
3185,ס.ק טונה ילופין בשמן זית מעולה 140 גר`,סטארקיסט דיפלומט היינץ,יח`,,1,9.90,7.07
3186,מארז זוגות טונה בשמן קנולה 280 גר`* (140,סטארקיסט דיפלומט היינץ,יח`,,1,11.90,4.25
3187,סטארקיסט שפע משקל 425 גר`,סטארקיסט דיפלומט היינץ,יח`,,1,17.90,4.21
3188,מטליות לניקוי לחיטוי ולניקוי 50 יח סנו,החברה הדרומית לשיווק בעמ,יח`,,1,19.90,19.90
3189,ג`ל רחצה לגבר אקטיב בלוק קרמה (700 מל),החברה הדרומית לשיווק בעמ,יח`,,1,20.90,2.99
3190,סנו מקסימה ג`ל מרוכז בייבי,החברה הדרומית לשיווק בעמ,יח`,,1,34.90,11.63
3191,טופו טבעי 500 יח 2 יח נפרדות ליב,ל.י.ב. (לחיות יותר בטבע) בעמ,יח`,,1,15.90,3.18
3192,רסק תפוחי עץ ליב 670 גר`,ל.י.ב. (לחיות יותר בטבע) בעמ,יח`,,1,10.90,1.63
3193,פסטרמה שום וצילי טירת צבי (400 גרם),תנובה קפואים,יח`,,1,31.90,7.98
3194,קבנוס 120 גר` פיקנטי טירת צבי,תנובה קפואים,יח`,,1,11.90,9.92
3195,חטיפי קבנוס 120 גר` טירת צבי,תנובה קפואים,יח`,,1,11.90,9.92
3196,צמד כפרי ברבקיו ודבש 600 גר טירת צבי,תנובה קפואים,יח`,,1,29.90,4.98
3197,עוגיות בדלי כתר ריבה 600 גר`,שיבולים יצור ושיווק מוצרי מאפה,יח`,,1,11.90,1.98
3198,עוגיות דקליות בטעם שוקולד אחוה (400 גרם),אחדות בעמ,יח`,,1,8.90,2.23
3199,עוגיות דקליות בטעם קינמון אחוה (400 גרם),אחדות בעמ,יח`,,1,8.90,2.23
3200,עוגיות ממולאות שוקולד אחוה (600 גרם),אחדות בעמ,יח`,,1,10.90,1.82
3201,עוגיות שוקולד צ`יפס אחוה (400 גרם),אחדות בעמ,יח`,,1,9.90,2.48
3202,עוגיות גרנולה 400 גר`,אחדות בעמ,יח`,,1,8.90,2.23
3203,ממרח טחינה עם דבש 400 גר` אחווה,אחדות בעמ,יח`,,1,11.90,2.98
3204,רוגעלך וניל עם שוקולד צ`יפס אחוה (400 גר,אחדות בעמ,יח`,,1,8.90,2.23
3205,חלבה מלבי אחוה (400 גרם),אחדות בעמ,יח`,,1,12.90,3.23
3206,עוגת שמרים קרנץ בטעם שוקולד 400  גר`אחוו,אחדות בעמ,יח`,,1,10,2.50
3207,תה ירוק לימונית מנטה ויסוצקי) (25,תה ויסוצקי (ישראל) בעמ,יח`,,1,24.90,66.40
3208,הגן הקסום קמומיל לימונית 25 שקיקים,תה ויסוצקי (ישראל) בעמ,יח`,,1,17.50,46.67
3209,חליטת לימונית לואיזה ויסוצקי) (25,תה ויסוצקי (ישראל) בעמ,יח`,,1,17.50,46.67
3210,תה ירוק וניל ויסוצקי) (25,תה ויסוצקי (ישראל) בעמ,יח`,,1,24.90,66.40
3211,ארל גריי 20 שקיקים,תה ויסוצקי (ישראל) בעמ,יח`,,1,13.90,13.90
3212,תה חמדת השקד ויסוצקי הגן הקסום) (25,תה ויסוצקי (ישראל) בעמ,יח`,,1,17.50,17.50
3213,תה ירוק סטיביה 25 שקיקים,תה ויסוצקי (ישראל) בעמ,יח`,,1,24.90,24.90
3214,נטורל קייקס אבקת מרק בצל ללא גלוטן 400 ג,רוזמן לוגיסטיקה שיווק והפצה בע,יח`,,1,17.90,4.48
3215,פסטרמה של פעם 100% 250גר`,מעדני יחיעם (1993) בעמ,יח`,,1,24.90,9.96
3216,נקניקיות עוף 1.5 קג,מעדני יחיעם (1993) בעמ,יח`,,1,29.90,29.90
3217,פסטרמה ברביקיו דק דק יחיעם (140 גרם),מעדני יחיעם (1993) בעמ,יח`,,1,12.90,9.21
3218,פסטרמה של פעם דק דק יחיעם (140 גרם),מעדני יחיעם (1993) בעמ,יח`,,1,12.90,9.21
3219,סלמי פפרוני 200 גר` יחיעם,מעדני יחיעם (1993) בעמ,יח`,,1,14.90,7.45
3220,סנסודיין שיקום והגנה מלבינה 75 מל,גורי ע.ע.ע בעמ,יח`,,1,26,34.67
3221,גבינת גאודה פרוסות 150 גר,ג.וילי-פוד אינטרנשיונל בעמ,יח`,,1,9.90,6.60
3222,שפורטים בשמן וילי פוד (190 גרם),ג.וילי-פוד אינטרנשיונל בעמ,יח`,,1,8.90,4.68
3223,גרעיני דלעת קלופים ששון הקולה (250 גרם),דין שיווק וקליה בעמ,יח`,,1,13.90,5.56
3224,משמש בקופסא ששון הקולה (330 גרם),דין שיווק וקליה בעמ,יח`,,1,13.90,4.63
3225,חמוציות מסוכרות ששון הקולה (330 גרם),דין שיווק וקליה בעמ,יח`,,1,11.90,3.61
3226,צימוק לבן ששון הקולה (330 גרם),דין שיווק וקליה בעמ,יח`,,1,13.90,4.21
3227,אורז בסמטי אהרוני (1 קג),דין שיווק וקליה בעמ,יח`,,1,12.90,12.90
3228,רוטב טריאקי 300 מל אהרוני,דין שיווק וקליה בעמ,יח`,,1,8.90,2.97
3229,פקאן טבעי ששון הקולה (200 גרם),דין שיווק וקליה בעמ,יח`,,1,23.90,11.95
3230,אגוזי קשיו טבעיים ששון הקולה (250 גרם),דין שיווק וקליה בעמ,יח`,,1,23.90,11.95
3231,שקדיה משמש ג 300,דין שיווק וקליה בעמ,יח`,,1,12.90,12.90
3232,שזיפים מיובשים 300 גר,דין שיווק וקליה בעמ,יח`,,1,12.90,4.30
3233,שזיפים ללא גלעין 300 גר,דין שיווק וקליה בעמ,יח`,,1,13.90,4.63
3234,צימוק לבן שקית 300 גר`,דין שיווק וקליה בעמ,יח`,,1,11.90,3.97
3235,פקאן סיני 150 גר`,דין שיווק וקליה בעמ,יח`,,1,17.90,11.93
3236,פיסטוק קלוי 170  גר`ששון הקולה,דין שיווק וקליה בעמ,יח`,,1,16.90,9.94
3237,אגוזי מלך קלופים ששון הקולה (150 גרם),דין שיווק וקליה בעמ,יח`,,1,10.90,7.27
3238,פקאן טבעי 150 גר`,דין שיווק וקליה בעמ,יח`,,1,19.90,13.27
3239,נגיסי אורז לתינוק תפוח,דנשר (1963) בעמ,יח`,,1,13.90,13.90
3240,שמפו לאחר החלקה 750 מל פנינה רוזנבלום,פנינה רוזנבלום בעמ,יח`,,1,29.90,3.99
3241,מסיכה לאחר החלקה 500 מל פנינה רוזנבלום,פנינה רוזנבלום בעמ,יח`,,1,34.90,6.98
3242,אורגנו עלים 30 גר`,תבליני טעם וריח בעמ,יח`,,1,8.90,29.67
3243,ראס אל חנות 100 גר`,תבליני טעם וריח בעמ,יח`,,1,8.90,8.90
3244,תיבול טוסקנה 120 גר`,תבליני טעם וריח בעמ,יח`,,1,8.90,7.42
3245,פטרוזיליה 20 גר`,תבליני טעם וריח בעמ,יח`,,1,8.90,44.50
3246,תיבול גריל דג 100 גר`,תבליני טעם וריח בעמ,יח`,,1,8.90,8.90
3247,סומק 45 גר`,תבליני טעם וריח בעמ,יח`,,1,5.90,13.11
3248,גריל עוף 120 גר`,תבליני טעם וריח בעמ,יח`,,1,8.90,7.42
3249,תיבול לפרגית 100 גר`,תבליני טעם וריח בעמ,יח`,,1,8.90,8.90
3250,צ`ילי כתוש 70 גר`,תבליני טעם וריח בעמ,יח`,,1,8.90,12.71
3251,תיבול פילדלפיה 100 גר`,תבליני טעם וריח בעמ,יח`,,1,8.90,8.90
3252,תערובת סוכר וקינמון בתוספת וניל מיכל 150,תבליני טעם וריח בעמ,יח`,,1,10.90,7.27
3253,מטחנת לקט פלפל ארבע עונות 30 גר`,תבליני טעם וריח בעמ,יח`,,1,12.90,43
3254,בצק פילו מעדנות (500 גרם),תנובה קפואים,יח`,,1,22.90,4.58
3255,בורקס יפו במילוי גבינה מעדנות (600 גרם),תנובה קפואים,יח`,,1,18.90,3.15
3256,חטיפי פיצה בתוספת זיתים 710 גר` מעדנות,תנובה קפואים,יח`,,1,33.90,4.77
3257,סט 2  יח`בקבוק לטיולים,קונסיגנציה- ש. י גיספאן 1993,יח`,,1,12.90,12.90
3258,חומץ תפוחים אורגני  עם אמא  750 מל,אימפורט פור יו בעמ,יח`,,1,19.90,2.65
3259,זרעי צ`יה 200 גר,מיה תעשיות מזון מ.ת.מ. בעמ,יח`,,1,9.90,4.95
3260,קורנפלור מיה (500 גרם),מיה תעשיות מזון מ.ת.מ. בעמ,יח`,,1,8.90,1.78
3261,שקיות מזון סנו סושי (300),החברה הדרומית לשיווק בעמ,יח`,,1,11.90,11.90
3262,סנופרש הום נטול גז 350 מל בניחוח כותנה,החברה הדרומית לשיווק בעמ,יח`,,1,14.90,4.26
3263,מקסימה מרכך חלב ודבש סנו (4 ליטר),החברה הדרומית לשיווק בעמ,יח`,,1,19.90,4.98
3264,מקסימה ז`אוול כביסה 6 קג `+1מתנה,החברה הדרומית לשיווק בעמ,יח`,,1,49.90,49.90
3265,פוליויקס פרקט טבעי וסינטטי סנו (2 ליטר),החברה הדרומית לשיווק בעמ,יח`,,1,21.90,10.95
3266,ריצפז פרש הום 2 ליטר,החברה הדרומית לשיווק בעמ,יח`,,1,19.90,9.95
3267,ריצפז פרש הום 2 ליטר,החברה הדרומית לשיווק בעמ,יח`,,1,19.90,9.95
3268,ריצפז פרש הום 2 ליטר,החברה הדרומית לשיווק בעמ,יח`,,1,19.90,9.95
3269,דוחה יתושים סנומט (90לילות),החברה הדרומית לשיווק בעמ,יח`,,1,49.90,49.90
3270,משחת שיניים לילדים הלו קיטי כצט (50 מל),גורי ע.ע.ע בעמ,יח`,,1,10.90,21.80
3271,משחת שיניים הלו קיטי 50 מל,גורי ע.ע.ע בעמ,יח`,,1,10.90,21.80
3272,סלמון מעושן 100 גר,סלטי שמיר 2006 בעמ,יח`,,1,19.90,19.90
3273,מטיאס הולנדי פרובנציאל עם בצל בשמן 200,סלטי שמיר 2006 בעמ,יח`,,1,15.90,7.95
3274,הרינג כבוש עם בצל במרינת חמוץ מתוק 220 ג,סלטי שמיר 2006 בעמ,יח`,,1,15.90,7.23
3275,פילה מטיאס  הולנדי בשמן 200 גר,סלטי שמיר 2006 בעמ,יח`,,1,15.90,7.95
3276,גרנה פדנו משולש גד -200גר`,מחלבות גד שיווק 1992 בעמ,יח`,,1,26.90,13.45
3277,גבינת גרנה פדנו מגורדת 29% גד (100 גרם),מחלבות גד שיווק 1992 בעמ,יח`,,1,13.90,13.90
3278,כדורי מוצרלה פרסקה גד (100 גרם),מחלבות גד שיווק 1992 בעמ,יח`,,1,8.90,8.90
3279,מעדן חלב עם שיבולת שועל 2% גד (150 גרם),מחלבות גד שיווק 1992 בעמ,יח`,,1,5.50,3.67
3280,יוגורט עזים עם תות גד 125 גרם,מחלבות גד שיווק 1992 בעמ,יח`,,1,5.90,4.72
3281,יוגורט עזים עם דובדבן אמרנה גד 125 גרם,מחלבות גד שיווק 1992 בעמ,יח`,,1,5.90,4.72
3282,סטייק צ`יפס תפוגן (1.5 קג),קבוצת אסם סחר שות. מוגבלת,יח`,,1,24.90,1.66
3283,פרוסות צ`יפס תפוגן (1.5 קג),קבוצת אסם סחר שות. מוגבלת,יח`,,1,24.90,1.66
3284,צ`יפס קראנצ`י לתנור תפוגן (1.5 קג),קבוצת אסם סחר שות. מוגבלת,יח`,,1,27.90,1.86
3285,תפוגן אמריקאן צ`יפס 2 קג`,קבוצת אסם סחר שות. מוגבלת,יח`,,1,29.90,14.95
3286,תפוגן צ`פיס טוגן 1.5 קג`,קבוצת אסם סחר שות. מוגבלת,יח`,,1,14.90,14.90
3287,הר חרמון אינדיגו,היכל היין שקד גולן בעמ,יח`,,1,30.90,4.08
3288,הר חרמון מוסקט יקב רמת הגולן (750 מל),היכל היין שקד גולן בעמ,יח`,,1,30.90,4.08
3289,יין גמלא מרלו,היכל היין שקד גולן בעמ,יח`,,1,59.90,59.90
3290,מוזלי עם פירות שקדיה (1 קג),דין שיווק וקליה בעמ,יח`,,1,19.90,1.99
3291,מוזלי צימוקים תפוח קינומון 1קג - שקדיה,דין שיווק וקליה בעמ,יח`,,1,19.90,1.99
3292,גרנולה אגוזים 1קג - שקדיה,דין שיווק וקליה בעמ,יח`,,1,19.90,1.99
3293,גרעין שחור קלוי ששון הקולה (150 גרם),דין שיווק וקליה בעמ,יח`,,1,3.90,2.60
3294,תאנים ששון הקולה (330 גרם),דין שיווק וקליה בעמ,יח`,,1,19.90,6.03
3295,פקאן סיני מסוכר ששון הקולה (200 גרם),דין שיווק וקליה בעמ,יח`,,1,23.90,11.95
3296,קונפיטוריה תות שדה 450 גר`,דין שיווק וקליה בעמ,יח`,,1,10.90,2.42
3297,קונפיטוריה פטל שחור 450 גר`,דין שיווק וקליה בעמ,יח`,,1,10.90,2.42
3298,ממרח 100% שקדים שקדיה (300 גרם),דין שיווק וקליה בעמ,יח`,,1,34.90,11.63
3299,יין כנען רוזה יקב דלתון (750 מל),הכרם - משקאות חריפים בעמ,יח`,,1,48.90,6.48
3300,מרבה סלים פרוט בטעם יוגורט ותות,ש.שסטוביץ בעמ,יח`,,1,10.90,5.99
3301,סלים דליס קריספי תות מרבה (125 גרם),ש.שסטוביץ בעמ,יח`,,1,10.90,9.08
3302,סלים דליס קריספי אוכמניות מרבה (125 גרם),ש.שסטוביץ בעמ,יח`,,1,10.90,8.72
3303,סלים דליס קריספי שוקולד מרבה (125 גרם),ש.שסטוביץ בעמ,יח`,,1,10.90,8.72
3304,לה פסטה קונכיה 53 400 גר`,תומר יבוא ושיווק מוצרי מזון (1,יח`,,1,2.50,0.63
3305,מברשת שיניים סנסודיין זוג,גורי ע.ע.ע בעמ,יח`,,1,19.90,19.90
3306,שמן שומשום בי   די (250 מל),בטר אנד דיפרנט בעמ,יח`,,1,19.90,7.96
3307,LA BELLE מסיר לק ללא אציטון 250מל,פארמה דיל (פ.א.ב.) שיווק והפצה,יח`,,1,11.90,11.90
3308,LA BELLE שעווה דבש פח 500גר,פארמה דיל (פ.א.ב.) שיווק והפצה,יח`,,1,16.90,16.90
3309,LA BELLE קרם חמצן 6% 60מל,פארמה דיל (פ.א.ב.) שיווק והפצה,יח`,,1,3.90,3.90
3310,פלפל שחור טחון תבליני מימון (250 גרם),א.ל.ייצור ושיווק תבלינים בעמ,יח`,,1,29.90,11.96
3311,פלפל שחור גרוס דק 250 גר`,א.ל.ייצור ושיווק תבלינים בעמ,יח`,,1,29.90,11.96
3312,פלפל שחור גרוס דק שקית 80 גר`,א.ל.ייצור ושיווק תבלינים בעמ,יח`,,1,9.90,12.38
3313,שיני שום במי מלח 340 גרם,ג.וילי-פוד אינטרנשיונל בעמ,יח`,,1,11.90,3.50
3314,עגבניות מיובשות בשמן 340 גר,ג.וילי-פוד אינטרנשיונל בעמ,יח`,,1,11.90,3.50
3315,פתיתים מגורדת וילי פוד (500 גרם) GOLDEN,ג.וילי-פוד אינטרנשיונל בעמ,יח`,,1,21.90,4.38
3316,גרעיני תירס מתוק וילי פוד (320 גרם),ג.וילי-פוד אינטרנשיונל בעמ,יח`,,1,4.90,1.72
3317,סוכרלוז סוכרזית (100),שטראוס גרופ בעמ,יח`,,1,16.90,16.90
3318,שניצל ביתי עם צ`יפס שמח 600 גר` עוף טוב,קבוצת אסם סחר שות. מוגבלת,יח`,,1,38.90,6.48
3319,שניצל עוף דקיק קריספי 700 גר` עוף טוב,קבוצת אסם סחר שות. מוגבלת,יח`,,1,35.90,5.13
3320,שניצל עוף ביתי  בטאץ`מתובל 600  גר`עוף ט,קבוצת אסם סחר שות. מוגבלת,יח`,,1,37.90,6.32
3321,עוף טוב שניצל עוף אהבה בשחקים רכיביים טי,קבוצת אסם סחר שות. מוגבלת,יח`,,1,32.90,5.48
3322,שניצל מיני דקיק מצופה 500  גר`עוף טוב,קבוצת אסם סחר שות. מוגבלת,יח`,,1,27.90,5.58
3323,יוגורט ביו 3% תנובה (150x8 גרם),תנובה - חלב,יח`,,1,16.50,1.38
3324,יוגורט ביו 1.5% תנובה (150x8 גרם),תנובה - חלב,יח`,,1,16.50,1.38
3325,סמי גלבוע 400 גר,תנובה - חלב,יח`,,1,20.50,5.13
3326,חלב עיזים מלא 3.6% שומן תנובה (1 ליטר),תנובה - חלב,יח`,,1,15,15
3327,גבינת נפוליאון 225 גר` 16% גביע,תנובה - חלב,יח`,,1,13.90,6.18
3328,קצ`קאבל פלח 200 גר,תנובה - חלב,יח`,,1,25.50,12.75
3329,קולאז רוקפור/גליל תנובה (140 גרם),תנובה - חלב,יח`,,1,18.90,9.45
3330,משקה שקדים טרי תנובה (1 ליטר),תנובה - חלב,יח`,,1,11.90,1.19
3331,גבינה צהובה 22% שומן גלבוע (400 גרם),תנובה - חלב,יח`,,1,22.90,5.73
3332,מעדן שוקולד חלב יולו (123 גרם),תנובה - חלב,יח`,,1,4.50,3.66
3333,מעדן שוקולד לבן יולו (123 גרם),תנובה - חלב,יח`,,1,4.50,3.66
3334,יולו מעדן שכבות שוקולד חלבי לבן,תנובה - חלב,יח`,,1,4.50,3.66
3335,יולו מעדן שכבות שוקולד מריר לבן,תנובה - חלב,יח`,,1,4.50,3.66
3336,דייאט יופלה 0% אוכמניות בתחתית,תנובה - חלב,יח`,,1,4.90,3.27
3337,גבינת שמנת 16% עם בצל נפוליאון (225 גרם),תנובה - חלב,יח`,,1,13.90,6.18
3338,מעדן סויה טעם אפרסק,תנובה - חלב,יח`,,1,3.90,3.12
3339,מעדן סויה טעם תות,תנובה - חלב,יח`,,1,3.90,3.12
3340,מעדן סויה במתיקות מעודנת,תנובה - חלב,יח`,,1,3.90,3.12
3341,מעדן סויה טעם שוקולד,תנובה - חלב,יח`,,1,3.90,3.12
3342,פתיתי גלבוע 22% 500 גר,תנובה - חלב,יח`,,1,33.90,6.78
3343,קרם גבינה שמנת 5% טוסקנה 200 גרם,תנובה - חלב,יח`,,1,11.50,5.75
3344,גבינת קרם שמנת 5% עירית ובצל,תנובה - חלב,יח`,,1,11.50,5.75
3345,משקה סויה BIO עם אפרסק בתוספת חיידקי יוג,תנובה - חלב,יח`,,1,5.30,2.12
3346,מעדן סויה ביו בטעם פירות יער 125 גר`,תנובה - חלב,יח`,,1,3.90,3.12
3347,משקה טעם וניל תנובה GO,תנובה - חלב,יח`,,1,5.90,2.36
3348,מירין משובח טעמי אסיה (250 מל),טעמי אסיה בעמ,יח`,,1,14.90,5.96
3349,קרם קוקוס ללא חומר משמר 400מל כשר,טעמי אסיה בעמ,יח`,,1,9.90,2.48
3350,רוטב טריאקי טעמי אסיה (500 מל),טעמי אסיה בעמ,יח`,,1,14.90,2.98
3351,אטריות ראמן מוכנות 180 גר`,טעמי אסיה בעמ,יח`,,1,4.90,2.72
3352,רוטב סויה ללא גולטן 500 מל טעמי אסיה,טעמי אסיה בעמ,יח`,,1,13.90,2.78
3353,שוופס ווטר 0 קלוריות תפוח 1.5 ליטר,יפאורה,יח`,,1,6.30,0.42
3354,רביעייה שוופס סודה נענע ליים 1.5 ליטר,יפאורה,יח`,,1,11,1.83
3355,משקה קל לימונדה נענע תפוזינה (1.5 ליטר),יפאורה,יח`,,1,6.50,0.43
3356,שוופס סודה נענע ליים 1.5 ליטר,יפאורה,יח`,,1,3.90,0.26
3357,משקה בטעם אננס פרוט ווטר (1.5 ליטר),יפאורה,יח`,,1,6.90,0.46
3358,משקה בטעם אפרסק פרוט ווטר (1.5 ליטר),יפאורה,יח`,,1,6.90,0.46
3359,משקה בטעם אבטיח פרוט ווטר (1.5 ליטר),יפאורה,יח`,,1,6.90,0.46
3360,משקה בטעם תות פרוט ווטר (1.5 ליטר),יפאורה,יח`,,1,6.90,0.46
3361,בייביסיטר פרפורמנס 72 מבושם,שקד תבל בעמ,יח`,,1,4.90,4.90
3362,מגבונים בייביסיטר רביעייה,שקד תבל בעמ,יח`,,1,17.90,17.90
3363,מגבונים בייביסיטר רביעייה,שקד תבל בעמ,יח`,,1,17.90,17.90
3364,שמפו קרטין 750 מל סטייל,גורי ע.ע.ע בעמ,יח`,,1,29.90,3.99
3365,סנסודיין הגנה מלאה 75,גורי ע.ע.ע בעמ,יח`,,1,17.90,17.90
3366,הפי ג`ל מנקה אסלות יעקבי (750 מל),יעקב יעקבי ובניו בעמ,יח`,,1,9.90,1.32
3367,הפי עוד ועוד--מטלית  דמוית בד--גליל  לב,יעקב יעקבי ובניו בעמ,יח`,,1,10,10
3368,הפי מטלית רב פעמית יעקבי (20),יעקב יעקבי ובניו בעמ,יח`,,1,11.90,11.90
3369,הפי כלים ירוק תפוח 563 - מרוכז 24%,יעקב יעקבי ובניו בעמ,יח`,,1,10.90,1.45
3370,הפי כלים צהוב לימון 210- מרוכז 24%,יעקב יעקבי ובניו בעמ,יח`,,1,10.90,1.45
3371,נוזל לניקוי חלונות הפי (750 מל),יעקב יעקבי ובניו בעמ,יח`,,1,9.90,1.32
3372,מלפפונים במלח 690 גר` לינה,יורוסטנדרט בעמ,יח`,,1,9.90,1.43
3373,קורנישונים במלח 690 גר` לינה,יורוסטנדרט בעמ,יח`,,1,9.90,1.43
3374,שימורי דגים שפרוטים מעושנים בשמן צמחי 25,יורוסטנדרט בעמ,יח`,,1,9.90,3.96
3375,תחתיות ארטישוק במי מלח 420 גר` לינה,יורוסטנדרט בעמ,יח`,,1,9.90,2.36
3376,לחם פשוט מלא לילדים פרוס אנג`ל (750 גרם),שלמה א. אנג`ל בעמ,יח`,,1,12.90,2.58
3377,פריכיות כוסמת עם מלח,זנבר טבע בעמ,יח`,,1,9.90,39.60
3378,זן בר פריכיות כוסמין ללא מלח 120 גר,אבאל יזמות בעמ,יח`,,1,7.90,6.58
3379,זן בר פריכיות כוסמת עם מלח 120 גר,אבאל יזמות בעמ,יח`,,1,7.90,6.58
3380,זן בר פריכיות כוסמת ללא מלח 120 גר,אבאל יזמות בעמ,יח`,,1,7.90,6.58
3381,זן בר פריכיות תירס עם מלח 120 גר,אבאל יזמות בעמ,יח`,,1,7.90,6.58
3382,וופל לימון ללא גלוטן 150  גר`עלמה,רזיט שיווק בעמ,יח`,,1,6.50,4.33
3383,חמאה ללא מלח 200 גר,ג.וילי-פוד אינטרנשיונל בעמ,יח`,,1,6.80,3.40
3384,טונה בשמן רביעייה 160 גר - וילי פוד,ג.וילי-פוד אינטרנשיונל בעמ,יח`,,1,21.90,3.42
3385,עלי גפן במי מלח 620 גר,ג.וילי-פוד אינטרנשיונל בעמ,יח`,,1,11.90,1.92
3386,טונה במים רביעייה 160 גר - וילי פוד,ג.וילי-פוד אינטרנשיונל בעמ,יח`,,1,21.90,3.42
3387,שוקולד מריר ללס שקדים 85 גרם,כרמית תעשיות ממתקים בעמ,יח`,,1,5.90,6.94
3388,מחית עגבניות קלה גראנד איטליה (700 גרם),תה ויסוצקי (ישראל) בעמ,יח`,,1,13.90,1.99
3389,תה ירוק בתוספת לימון ודבש ויסוצקי) (25,תה ויסוצקי (ישראל) בעמ,יח`,,1,24.90,24.90
3390,סקיני  גריני- תה ירוק,תה ויסוצקי (ישראל) בעמ,יח`,,1,24.90,24.90
3391,תה ירוק קינמון ודבש ויסוצקי) (25,תה ויסוצקי (ישראל) בעמ,יח`,,1,24.90,24.90
3392,תה ירוק לימונית ויסמין ויסוצקי) (25,תה ויסוצקי (ישראל) בעמ,יח`,,1,24.90,24.90
3393,פאוץ` פרינוק תפוח 120 גר`,גורי מוצרי צריכה (1991) בעמ,יח`,,1,5,4.17
3394,פאוץ` פרינוק תפוח בננה 120 גר`,גורי מוצרי צריכה (1991) בעמ,יח`,,1,5,4.17
3395,חטיפטף בטעם טבעי 28 גר` פרינוק,גורי מוצרי צריכה (1991) בעמ,יח`,,1,7.90,7.90
3396,חטיפטף בטעם ירקות 29 גר` פרינוק,גורי מוצרי צריכה (1991) בעמ,יח`,,1,7.90,7.90
3397,פאוץ` פרינוק פירות טרופיים 120 גר`,גורי מוצרי צריכה (1991) בעמ,יח`,,1,5,4.17
3398,פאוץ` פרינוק לפתן פירות 120 גר`,גורי מוצרי צריכה (1991) בעמ,יח`,,1,5,4.17
3399,פאוץ` פרינוק פירות מעורבים 120 גר`,גורי מוצרי צריכה (1991) בעמ,יח`,,1,5,4.17
3400,קרקר עם שומשום 300 גר` ארומה,רזיט שיווק בעמ,יח`,,1,6.90,2.30
3401,פחמים 2קג,פחם קוואנגו סחר בעמ,יח`,,1,11.90,0.60
3402,פלפל שחור טחון 80 גר`,תבליני טעם וריח בעמ,יח`,,1,9.90,12.38
3403,פפריקה מתוקה בשמן 80 גר`,תבליני טעם וריח בעמ,יח`,,1,5.90,7.38
3404,פפריקה מתוקה 80 גר`,תבליני טעם וריח בעמ,יח`,,1,5.90,7.38
3405,מלח לימון 80 גר`,תבליני טעם וריח בעמ,יח`,,1,5.90,7.38
3406,כמון טחון 80 גר`,תבליני טעם וריח בעמ,יח`,,1,5.90,7.38
3407,כורכום טחון 80 גר`,תבליני טעם וריח בעמ,יח`,,1,5.90,7.38
3408,שום גבישי 80 גר`,תבליני טעם וריח בעמ,יח`,,1,7.90,9.88
3409,תיבול על האש 80 גר`,תבליני טעם וריח בעמ,יח`,,1,5.90,7.38
3410,תיבול לשווארמה 80 גר`,תבליני טעם וריח בעמ,יח`,,1,5.90,7.38
3411,סודה לשתיה 80 גר`,תבליני טעם וריח בעמ,יח`,,1,3.90,4.88
3412,תערובת תיבול לפרגיות 80 גר`,תבליני טעם וריח בעמ,יח`,,1,5.90,7.38
3413,בהרט לבישול מיכל גדול 80 גר`,תבליני טעם וריח בעמ,יח`,,1,8.90,11.13
3414,כוסברה טחונה מיכל גדול 70 גר`,תבליני טעם וריח בעמ,יח`,,1,8.90,16.18
3415,פפריקה מתוקה בשמן בסגנון מרוקאי 400 גר`,תבליני טעם וריח בעמ,יח`,,1,17.90,4.48
3416,מגבונים רביעייה מיכל הקטנה,עיסא ערטול בעמ,יח`,,1,12.90,12.90
3417,מגבונים רביעייה אסותא,עיסא ערטול בעמ,יח`,,1,14.90,14.90
3418,פירורי לחם מוזהבים 400גר`,מיה תעשיות מזון מ.ת.מ. בעמ,יח`,,1,5.90,1.48
3419,פירורי לחם לבנים 200 גר` מיה,מיה תעשיות מזון מ.ת.מ. בעמ,יח`,,1,2.90,1.45
3420,מעדן תות 280  גר`ללא גלוטן מיה,מיה תעשיות מזון מ.ת.מ. בעמ,יח`,,1,13.90,4.96
3421,מעדן אוכמניות 280  גר`ללא גלוטן מיה,מיה תעשיות מזון מ.ת.מ. בעמ,יח`,,1,13.90,4.96
3422,קינואה מעורבת 400 גר` מיה,מיה תעשיות מזון מ.ת.מ. בעמ,יח`,,1,19.90,4.98
3423,סוכר דמררה שקית מיה (1 קג),מיה תעשיות מזון מ.ת.מ. בעמ,יח`,,1,11.90,11.90
3424,צ`יפס בטטה עם שום ורוזמרין 80 גר מיה,מיה תעשיות מזון מ.ת.מ. בעמ,יח`,,1,9.90,12.38
3425,צ`יפס בטטה עם שמן זית ועשבי טיבול 80 גר,מיה תעשיות מזון מ.ת.מ. בעמ,יח`,,1,9.90,12.38
3426,ציפס בטטה מיקס,מיה תעשיות מזון מ.ת.מ. בעמ,יח`,,1,9.90,12.38
3427,עדשי שוקולד שמיניה 160  גר`מיה,מיה תעשיות מזון מ.ת.מ. בעמ,יח`,,1,9.90,6.19
3428,ריחן קברנה סוביניון 750 מל ברקן,טמפו משקאות בעמ,יח`,,1,64.90,8.61
3429,מרום גליל רוזה 750 מל,טמפו משקאות בעמ,יח`,,1,39.90,5.28
3430,מתבל עגבניות חריף היינץ (855 גרם),דיפלומט היינץ,יח`,,1,17.90,2.02
3431,אקוה פרש 100 מל עדין,גורי ע.ע.ע בעמ,יח`,,1,7.90,7.90
3432,משחת שיניים בטעם מנטה אקוהפרש (100 מל),גורי ע.ע.ע בעמ,יח`,,1,7.90,7.90
3433,קינואה שקדיה (400 גרם),דין שיווק וקליה בעמ,יח`,,1,14.90,3.73
3434,טוסו שוקולד מריר תפוז ללא סוכר,דנשר (1963) בעמ,יח`,,1,12.90,12.90
3435,שקיות אשפה לפח 52x65 גלילונית) (35,דנשר (1963) בעמ,יח`,,1,9.90,9.90
3436,נביעות פלוס רכיבי פרי ליצי 1.5 ליטר,החברה המרכזית להפצת משקאות בעמ,יח`,,1,7.90,5.27
3437,נביעות פלוס רכיבי פרי אבטיח 1.5 ליטר,החברה המרכזית להפצת משקאות בעמ,יח`,,1,7.90,5.27
3438,מאגדת טילון קורנטו פרווה טבעוני,גלידות שטראוס בעמ,יח`,,1,32.90,8.70
3439,מאגדת לייט וניל עוגיות,גלידות שטראוס בעמ,יח`,,1,30.90,9.04
3440,מאגדת אייס לייט,גלידות שטראוס בעמ,יח`,,1,24.90,14.65
3441,קרמיסימו בננה שוקולד צ`יפ,גלידות שטראוס בעמ,יח`,,1,18.90,0.14
3442,מאגדת מיני סולרו פסיפלורה שטראוס,גלידות שטראוס בעמ,יח`,,1,21.90,6.74
3443,לחמניות פשוט מלא 6 יח 450 גר,שלמה א. אנג`ל בעמ,יח`,,1,10.90,2.42
3444,לחם מחמצת חיטה מלאה ודגנים,שלמה א. אנג`ל בעמ,יח`,,1,15.90,2.65
3445,לחם מחמצת 100% שיפון קל,שלמה א. אנג`ל בעמ,יח`,,1,15.90,2.65
3446,קשיו קלוי 150  גר`שקית,דין שיווק וקליה בעמ,יח`,,1,12.90,8.60
3447,תערובת פיצוחים 150  גר`בשקית,דין שיווק וקליה בעמ,יח`,,1,12.90,8.60
3448,רוטב עגבניות ושום לפסטה 680מל אהרוני,דין שיווק וקליה בעמ,יח`,,1,12.90,1.90
3449,בוטנים קלויים 400 גר`,דין שיווק וקליה בעמ,יח`,,1,10,2.50
3450,תערובת פיצוחים 300 גר`,דין שיווק וקליה בעמ,יח`,,1,20,6.67
3451,אגוזים קלופים דין שיווק (250 גרם),דין שיווק וקליה בעמ,יח`,,1,20,8
3452,קבוקים עם שומשום 500 גר`,דין שיווק וקליה בעמ,יח`,,1,10,2
3453,פיסטוק קלוי שקדיה (250 גרם),דין שיווק וקליה בעמ,יח`,,1,20,8
3454,פיסטוק קלוף 100 גר השף,דין שיווק וקליה בעמ,יח`,,1,24.90,24.90
3455,בורגר על האש טקסס עם פטריות 400 גרם,ל.י.ב. (לחיות יותר בטבע) בעמ,יח`,,1,21.90,5.48
3456,קבב בולגרי עם פטרוזיליה 400 גרם,ל.י.ב. (לחיות יותר בטבע) בעמ,יח`,,1,21.90,5.48
3457,קריספי טופו-נגיסי  טופו מוכנים לאכילה 35,ל.י.ב. (לחיות יותר בטבע) בעמ,יח`,,1,21.90,6.26
3458,קריספי טופו-נגיסי  טופו ברוטב בוטנים וקא,ל.י.ב. (לחיות יותר בטבע) בעמ,יח`,,1,21.90,6.26
3459,שניצלוני טופו 400  גר`ליב,ל.י.ב. (לחיות יותר בטבע) בעמ,יח`,,1,27.90,6.98
3460,חסה רגילה מהבוסתן שבכפר מהדרין,י.ל.ת שיווק בעמ - קוסיגנציה,יח`,,1,6.90,6.90
3461,מטרנה גולד שלב 1 (700 גר`),קבוצת אסם סחר שות. מוגבלת,יח`,,1,74.90,10.70
3462,מטרנה אקסטרא קייר 700 גר` שלב 1 מהדרין,קבוצת אסם סחר שות. מוגבלת,יח`,,1,67.90,9.70
3463,מטרנה אקסטרא קייר 700 גר` שלב 2 מהדרין,קבוצת אסם סחר שות. מוגבלת,יח`,,1,67.90,9.70
3464,יין מרלו ויז`יון טפרברג (750 מל),יקב טפרברג 1870 בעמ (יינות ומש,יח`,,1,34.90,4.61
3465,יין לבן חצי יבש VISION,יקב טפרברג 1870 בעמ (יינות ומש,יח`,,1,34.90,4.61
3466,יין אדום מוסקטו מתוק טפרברג (750 מל),יקב טפרברג 1870 בעמ (יינות ומש,יח`,,1,34.90,4.61
3467,יין לבן מוסקטו מתוק טפרברג (750 מל),יקב טפרברג 1870 בעמ (יינות ומש,יח`,,1,34.90,4.61
3468,יין גוורצטרמינר IMPRESSION,יקב טפרברג 1870 בעמ (יינות ומש,יח`,,1,44.90,5.95
3469,יין שיראז ויזון יקב טפרברג (750 מל),יקב טפרברג 1870 בעמ (יינות ומש,יח`,,1,34.90,4.61
3470,ג`ל לניקוי ידיים 200 מל,מים רבים בנתיב העשרה בעמ,יח`,,1,19.90,19.90
3471,פלפלונים -טינקרבל א.אדמה,א.אדמה (2007) בעמ,יח`,,1,8.90,8.90
3472,פלפל צ`ילי בשקית,א.אדמה (2007) בעמ,יח`,,1,7.90,7.90
3473,חמציץ,א.אדמה (2007) בעמ,יח`,,1,7.90,7.90
3474,שום קלוף 170 גרם,א.אדמה (2007) בעמ,יח`,,1,13.90,8.18
3475,גינג`ר יחידה טרי,א.אדמה (2007) בעמ,יח`,,1,10.90,10.90
3476,עגבניות מיובשות,א.אדמה (2007) בעמ,יח`,,1,13.90,13.90
3477,עגבניות לחות,א.אדמה (2007) בעמ,יח`,,1,13.90,13.90
3478,בצל שאלוט,א.אדמה (2007) בעמ,יח`,,1,13.90,13.90
3479,שורש כורכום טרי,א.אדמה (2007) בעמ,יח`,,1,14.90,14.90
3480,ממרח פסטו ביתי 180 גר-על לחם,שטראוס גרופ בעמ/מצונן,יח`,,1,16.90,9.39
3481,ממרח עגבניות מיובשות 180 גר-על לחם,שטראוס גרופ בעמ/מצונן,יח`,,1,16.90,9.39
3482,ממרח לימון כבוש 180 גר-על לחם,שטראוס גרופ בעמ/מצונן,יח`,,1,16.90,0.09
3483,הר חרמון רוזה 750 מל,היכל היין שקד גולן בעמ,יח`,,1,30.90,4.08
3484,ירדן הר חרמון קברנה סובניון 750 מל,היכל היין שקד גולן בעמ,יח`,,1,30.90,4.08
3485,קיסמי שיניים רפואיים עם חוט דנטלי 100 יח,אינטרסן 1996 בעמ,יח`,,1,9.90,9.90
3486,סוכרזית סוכרלוז 25 שקיקים,שטראוס גרופ בעמ,יח`,,1,9.90,9.90
3487,נקטר מנגו בננה ספרינג (1 ליטר),יפאורה,יח`,,1,5.50,0.55
3488,מי עדן 1 ל` בק` בודד,יפאורה,יח`,,1,2.90,2.90
3489,מים מינרלים מי עדן (1x4 ליטר),יפאורה,יח`,,1,10,2.20
3490,ספרינג אננס בננה 1.5 חיטר,יפאורה,יח`,,1,6.40,4.27
3491,רוטב עגבניות מתובל לפיצה 230 גר` פרי ניר,אבאל יזמות בעמ,יח`,,1,5.90,2.57
3492,רוטב עגבניות לשקשוקה 230 גר` פרי ניר,אבאל יזמות בעמ,יח`,,1,5.90,2.57
3493,עגבניות חתוכות דק A1 שליישיה 400 גר` פרי,אבאל יזמות בעמ,יח`,,1,9.90,0.83
3494,שלישיית נתחי טונה בהירה בשמן צמחי 80 גר`,פילטונה תעשיות בעמ,יח`,,1,9.90,4.13
3495,טונה בשמן צמחי רביעייה 108 גר` פילטונה,פילטונה תעשיות בעמ,יח`,,1,17.90,4.14
3496,תערובת להכנת פנקייק GFREE 400 גר כשלפ,גורי מוצרי צריכה (1991) בעמ,יח`,,1,19.90,4.98
3497,א.פרש 100 מל שלישיות מנטה,גורי ע.ע.ע בעמ,יח`,,1,17.90,17.90
3498,סלק אדום בוואקום 500 גרם,ביג פוד כחול לבן בעמ,יח`,,1,8.90,8.90
3499,נוזל קוקוס פחית 400 גר` AVEL,אבאל יזמות בעמ,יח`,,1,5.90,1.48
3500,פטל שחור 300 גר` קפוא פרוזן,ספץ תעשיות בעמ,יח`,,1,11.90,3.97
3501,מיזלי לא קלוי 1 קג אגוזים,משה סידס ובנו בעמ,יח`,,1,25.90,2590
3502,מיזלי לא קלוי 1 קג שוקולוד מריר,משה סידס ובנו בעמ,יח`,,1,25.90,2590
3503,עוגיות דיזרט פרמיום סוגים שונים,שיבולים יצור ושיווק מוצרי מאפה,יח`,,1,19.90,8.29
3504,קברנה שיראז גליל עליון 750 מל,אגודת הכורמים,יח`,,1,66.90,8.88
3505,למברוסקו רוזה חצי יבש 750 מל כרמל מזרח,אגודת הכורמים,יח`,,1,26.90,3.55
3506,למברוסקו אדום חצי יבש 750 מ כרמל מזרחי,אגודת הכורמים,יח`,,1,26.90,3.55
3507,למברוסקו לבן חצי יבש 750 מל כרמל מזרחי,אגודת הכורמים,יח`,,1,26.90,3.55
3508,יין פי. סי עמק הנדיב,אגודת הכורמים,יח`,,1,44.90,5.95
3509,מטליות מיקרופייבר לרצפה ניקול (2),קימברלי קלארק ישראל שיווק בעמ,יח`,,1,24.90,24.90
3510,תחבושת דיפנד נורמל NORMAL,קימברלי קלארק ישראל שיווק בעמ,יח`,,1,24.90,24.90
3511,השקית החזקה XL,קימברלי קלארק ישראל שיווק בעמ,יח`,,1,24.90,24.90
3512,שקית אשפה ניקול 47*45 50 יח,קימברלי קלארק ישראל שיווק בעמ,יח`,,1,19.90,19.90
3513,שקית לפחי מטבח קטניםM,קימברלי קלארק ישראל שיווק בעמ,יח`,,1,21.90,21.90
3514,פילה אנשובי בפח עם שמן זית 45  גר`תומר,תומר יבוא ושיווק מוצרי מזון (1,יח`,,1,5.90,13.11
3515,בארכה בקטנה חטיף חלבה וניל קוקוס 126 גר`,קבוצת אסם סחר שות. מוגבלת,יח`,,1,11.90,9.44
3516,טחינה גולמית מעודנת שומשום מלא  גר`310,קבוצת אסם סחר שות. מוגבלת,יח`,,1,10.90,3.52
3517,טחינה גולמית מעודנת לימון שום 310  גר`בא,קבוצת אסם סחר שות. מוגבלת,יח`,,1,10.90,3.52
3518,טחינה גולמית מעודנת הריסה 310  גר`בארכה,קבוצת אסם סחר שות. מוגבלת,יח`,,1,10.90,3.52
3519,חלב כחוש מרוכז 397 מל,דין שיווק וקליה בעמ,יח`,,1,9.90,2.49
3520,שקד מולבן חצאים,דין שיווק וקליה בעמ,יח`,,1,19.90,9.95
3521,פמילי אל סבון מאסק מלטף רוח ים 1 ל`,דנשר (1963) בעמ,יח`,,1,14.90,14.90
3522,פמלי אל סבון מאסק קלאסי 1 ל`,דנשר (1963) בעמ,יח`,,1,14.90,14.90
3523,דאק זוג נוזל ג`ל לניקוי מתקדם בניחוח לבנ,דנשר (1963) בעמ,יח`,,1,18.90,1.26
3524,פרש וואנס רביעייה מגבונים לחים ללא בישום,דנשר (1963) בעמ,יח`,,1,15.90,15.90
3525,פרש וואנס רביעייה מגבונים לחים קמומיל,דנשר (1963) בעמ,יח`,,1,15.90,15.90
3526,נייר טואלט לח לילדים מארז שלישייה פרש ו,דנשר (1963) בעמ,יח`,,1,14.90,14.90
3527,נייר טואלט לח למובגרים מארז שלישייה פרש,דנשר (1963) בעמ,יח`,,1,14.90,14.90
3528,סרקל קרם רוזמרין לשעיר מתולתל 325 מל,פישר תעשיות פרמצבטיות בעמ,יח`,,1,27.90,8.58
3529,בראשית הלחם קלחם 7 דגנים,בראשית הלחם בעמ,יח`,,1,14.90,14.90
3530,תה ירוק תפוז גינגר וכורכום 25 שקיקיים,תה ויסוצקי (ישראל) בעמ,יח`,,1,24.90,24.90
3531,תה ירוק עם מאצ`ה יפנית ויסוצקי) (25,תה ויסוצקי (ישראל) בעמ,יח`,,1,24.90,24.90
3532,הגן הקסום לימונית ולואיזה 50 שקיקים ויסו,תה ויסוצקי (ישראל) בעמ,יח`,,1,33.90,45.20
3533,מרשמלו אורירי ורוד לבן כרמית 150 גר`,כרמית תעשיות ממתקים בעמ,יח`,,1,4.90,3.27
3534,חטיף קרקר עם זית שחורים ושום 130 כרמית,כרמית תעשיות ממתקים בעמ,יח`,,1,5.90,4.54
3535,מאגדת זוג שוקולד מריר ללא סוכר 85  גר`כר,כרמית תעשיות ממתקים בעמ,יח`,,1,9.90,5.82
3536,מכנסוני פרידום דריי שלב 4 האגיס (36),קימברלי קלארק ישראל שיווק בעמ,יח`,,1,44.90,44.90
3537,מכנסוני פרידום דריי שלב 6 האגיס (30),קימברלי קלארק ישראל שיווק בעמ,יח`,,1,44.90,44.90
3538,שמן זית כתית מעולה 750 מל סבא חביב,אבאל יזמות בעמ,יח`,,1,27.90,3.72
3539,סוד ג`ל כביסה 2.7 ליטר,גורי שיווק בעמ,יח`,,1,21.90,8.11
3540,סוד ג`ל כביסה לבנדר 2.7 ליטר,גורי שיווק בעמ,יח`,,1,21.90,8.11
3541,פרסיל קפסולות ג`ל 24 יח,גורי שיווק בעמ,יח`,,1,34.90,34.90
3542,סוד מארז שלשות כחול נתלה לאסלה,גורי שיווק בעמ,יח`,,1,19.90,19.90
3543,פרסיל ג`ל 2.5 ליטר ירוק,גורי שיווק בעמ,יח`,,1,32.90,13.16
3544,פרסיל ג`ל 4 ליטר ירוק,גורי שיווק בעמ,יח`,,1,42.90,10.73
3545,פרסיל ג`ל 2.5 ליטר קולור,גורי שיווק בעמ,יח`,,1,32.90,13.16
3546,פרסיל ג`ל 4 ליטר קולור,גורי שיווק בעמ,יח`,,1,42.90,10.73
3547,פרסיל ג`ל 2.5 ליטר בלו,גורי שיווק בעמ,יח`,,1,32.90,13.16
3548,פרסיל ג`ל 2.5 ליטר בייבי,גורי שיווק בעמ,יח`,,1,32.90,13.16
3549,פרסיל ג`ל 2.5 ליטר בלאק,גורי שיווק בעמ,יח`,,1,32.90,32.90
3550,סוד ג`ל כביסה total ירוק 4.5 ליטר,גורי שיווק בעמ,יח`,,1,31.90,31.90
3551,תחליב רחצה הוואי וניל דבש 700 מל,הנקל סוד בעמ,יח`,,1,9.90,1.41
3552,תחליב רחצה הוואי יוגורט קוקוס 700 מל,הנקל סוד בעמ,יח`,,1,9.90,1.41
3553,תחליב רחצה הוואי קרם דבש 700 מל,הנקל סוד בעמ,יח`,,1,9.90,1.41
3554,תחליב רחצה הוואי לגבר 700 מל,הנקל סוד בעמ,יח`,,1,9.90,1.41
3555,הוואי שמפו לשיער רגיל 700 מל פריחת דודב,הנקל סוד בעמ,יח`,,1,8.90,1.27
3556,מבריקל  הפלא- ספוג לכלים שלישייה,אלבגינו שיווק וסחר בעמ,יח`,,1,9.90,9.90
3557,רדיד מבריקל זוג 16 מיקרון 30 סמ,אלבגינו שיווק וסחר בעמ,יח`,,1,9.90,9.90
3558,5 מטליות רב שימושיות מבריקל,אלבגינו שיווק וסחר בעמ,יח`,,1,9.90,9.90
3559,מטליות נשלפות 10 יח גדולות מבריקל,אלבגינו שיווק וסחר בעמ,יח`,,1,9.90,9.90
3560,ג`ל כלים 1 ליטר משאבה לימון מבריקל,אלבגינו שיווק וסחר בעמ,יח`,,1,10.90,1.09
3561,מארז 6 כריות יפניות מבריקל,אלבגינו שיווק וסחר בעמ,יח`,,1,8.90,8.90
3562,מארז 3 מטליות מייקרופבר למטבח מבריקל,אלבגינו שיווק וסחר בעמ,יח`,,1,11.90,11.90
3563,זוג מטליות לרצפות גדולות מבריקל,אלבגינו שיווק וסחר בעמ,יח`,,1,16.90,16.90
3564,אזורית ברוט יין לבן מבעבע,אגודת הכורמים,יח`,,1,59.90,7.95
3565,יין היובל ישן נושן יקבי כרמל (750 מל),אגודת הכורמים,יח`,,1,19.90,2.61
3566,אפרסק 750 מל BUZZ,אגודת הכורמים,יח`,,1,26.90,3.55
3567,מברשת סנסודיין דואל קר,גורי ע.ע.ע בעמ,יח`,,1,19.90,19.90
3568,רבילוי מוצרלה ועגבניות לטיגון 400  גר`נו,מחלבות גד שיווק 1992 בעמ,יח`,,1,23.90,5.98
3569,רבילוי פולטנה ופטריות לטיגון 400  גר`נונ,מחלבות גד שיווק 1992 בעמ,יח`,,1,23.90,5.98
3570,פתיתים אפויים אורז 300 גר` Gfree,גורי מוצרי צריכה (1991) בעמ,יח`,,1,15.90,5.30
3571,תערובת קמח תופח 500 גר` Gfree,גורי מוצרי צריכה (1991) בעמ,יח`,,1,16.90,3.38
3572,משחת שיניים פרודונטקס פרש 75 מל,גורי ע.ע.ע בעמ,יח`,,1,29.90,39.87
3573,משחת שיניים פרודונטקס אוריג`ינל 75 מל,גורי ע.ע.ע בעמ,יח`,,1,29.90,39.87
3574,סרקל בלונד מרכך 1 ליטר,פישר תעשיות פרמצבטיות בעמ,יח`,,1,27.90,2.79
3575,לחם חיטה מלאה 750 גר אנג`ל,שלמה א. אנג`ל בעמ,יח`,,1,14.90,1.99
3576,לחם מחמצת כוסמין,שלמה א. אנג`ל בעמ,יח`,,1,15.90,2.65
3577,מים מינרלים עין גדי 500 מל שמינייה,יפאורה,יח`,,1,14.90,14.90
3578,שוופס מוגז פירות ללא סוכר תפוח (1.5 ליט,יפאורה,יח`,,1,6.90,4.60
3579,מי טוניק שוופס (1.5  ליטר)NO SUGAR,יפאורה,יח`,,1,9.90,9.90
3580,ספרינג אגס סברס,יפאורה,יח`,,1,9.90,9.90
3581,משקה ביטר למון ופירות יער שוופס (1.5 לי,יפאורה,יח`,,1,9.90,9.90
3582,מי סודה שוופס (1.5x4  ליטר)למון גראס וג`,יפאורה,יח`,,1,11,1.83
3583,דפים על בסיס קמח תירס ואורז ללא גלוטן 25,גורי מוצרי צריכה (1991) בעמ,יח`,,1,13.90,5.56
3584,פתיתים על בסיס קמח אפונה בצורת פנה ללא ג,גורי מוצרי צריכה (1991) בעמ,יח`,,1,13.90,5.56
3585,משחת שיניים קלין פרש סנסודיין (75 מל),גורי ע.ע.ע בעמ,יח`,,1,20,26.67
3586,משחת שיניים אולטקא קלין 75 מל פרודונטקס,גורי ע.ע.ע בעמ,יח`,,1,29.90,39.87
3587,מגבונים אסותא בדלי עיסא ערטול (400),עיסא ערטול בעמ,יח`,,1,19.90,19.90
3588,חומוס שלשות 200  גר`תומר,תומר יבוא ושיווק מוצרי מזון (1,יח`,,1,7.90,1.32
3589,שעועית אדומה שלשות 200  גר`תומר,תומר יבוא ושיווק מוצרי מזון (1,יח`,,1,7.90,1.32
3590,תחליב רחצה קוקוס 700 מל,סאסאטק אגשח בעמ,יח`,,1,7.90,1.13
3591,מוצרלה פרוסה 200 גר -מדף,מחלבות גד שיווק 1992 בעמ,יח`,,1,17.90,8.95
3592,ריקוטה למריחה 5% טבעית 200 גר` מחלבות גד,מחלבות גד שיווק 1992 בעמ,יח`,,1,9.90,4.95
3593,ריקוטה למריחה 5% עם בזיליקום 200 גר` גד,מחלבות גד שיווק 1992 בעמ,יח`,,1,9.90,4.95
3594,גבינת מנצ`גו פרוסה 150 גר` מחלבות גד,מחלבות גד שיווק 1992 בעמ,יח`,,1,20.90,13.93
3595,גבינת קרם מסקרפונה 250 גר` גד,מחלבות גד שיווק 1992 בעמ,יח`,,1,20.90,8.36
3596,גבינה בולגרית מעודנת 24% גד (250 גרם),מחלבות גד שיווק 1992 בעמ,יח`,,1,23.90,9.56
3597,פרוסות מוצרלה מעושנת 200 גר` גד,מחלבות גד שיווק 1992 בעמ,יח`,,1,18.50,9.25
3598,גרנה פדנו שבבים 100  גר`מחלבות גד,מחלבות גד שיווק 1992 בעמ,יח`,,1,14.90,14.90
3599,ריקוטה למריחה חציל קלוי 5% שומן ( 200 גר,מחלבות גד שיווק 1992 בעמ,יח`,,1,9.90,4.95
3600,פרוסות גאודה הולנדית 200 גר` גד,מחלבות גד שיווק 1992 בעמ,יח`,,1,21.90,10.95
3601,פרוסות גאודה עיזים הולנדית 200 גר` גד,מחלבות גד שיווק 1992 בעמ,יח`,,1,34.90,17.45
3602,יוגורט יווני 600  גר`מחלבות גד,מחלבות גד שיווק 1992 בעמ,יח`,,1,16.90,2.82
3603,פקורינו פרוס 150  גר`גד,מחלבות גד שיווק 1992 בעמ,יח`,,1,20.90,13.93
3604,גאודה עיזים 200  גר`גד,מחלבות גד שיווק 1992 בעמ,יח`,,1,31.90,15.95
3605,קרם פטיסייר 250  גר`גד,מחלבות גד שיווק 1992 בעמ,יח`,,1,19.90,7.96
3606,תמר מג`הול 350 גר` בקרטון מיה,מיה תעשיות מזון מ.ת.מ. בעמ,יח`,,1,14.90,4.26
3607,חיתולים בייביסיטר מידה 4+(40 יח),שקד תבל בעמ,יח`,,1,34.90,34.90
3608,חיתולים בייביסיטר מידה 5 (36 יח),שקד תבל בעמ,יח`,,1,34.90,34.90
3609,חיתולים בייביסיטר מידה 6(34 יח),שקד תבל בעמ,יח`,,1,34.90,34.90
3610,קוויק מגבונים לניקוי וחיטוי רצפות ניחוח,שקד תבל בעמ,יח`,,1,10.90,10.90
3611,חומוס שלם oz6 הקטניה הטובה יכין 105 גר`,זנלכל בעמ,יח`,,1,3.90,1.95
3612,שעועית אפויה ברוטב עגבניות OZ6 הקטניה הט,זנלכל בעמ,יח`,,1,3.90,1.95
3613,שעועית צ`לי OZ6 הקטניה הטובה יכין 105 גר,זנלכל בעמ,יח`,,1,3.90,1.95
3614,שעועית שחורה במים OZ6 הקטמיה הטובה 105 ג,זנלכל בעמ,יח`,,1,3.50,1.75
3615,תורמוס OZ6 הקטניה הטובה 105 גר`,זנלכל בעמ,יח`,,1,3.90,1.95
3616,קטשופ 740 גר` יכין,זנלכל בעמ,יח`,,1,6.90,0.93
3617,מארז גרעיני תירס קידס מתוק יכין,זנלכל בעמ,יח`,,1,9.90,4.95
3618,אפונה גינה עדינה יכין (200x3 גרם),זנלכל בעמ,יח`,,1,9.90,1.80
3619,קוביות סלק 550  גר`יכין,זנלכל בעמ,יח`,,1,7.90,1.44
3620,מאגדת זוג שוקולד לבן ללא סוכר 85  גר`כרמ,כרמית תעשיות ממתקים בעמ,יח`,,1,9.90,5.82
3621,שוקולד מריר פרימיום 70% בדצ ללא גלוטן 1,כרמית תעשיות ממתקים בעמ,יח`,,1,7.90,7.90
3622,שוקולד מריר בטעם תפוז 70% בדצ ללא גלוטן,כרמית תעשיות ממתקים בעמ,יח`,,1,7.90,7.90
3623,מיני קוקיס עוגיות בטעם כרמל 600 גר` כרמי,כרמית תעשיות ממתקים בעמ,יח`,,1,17.90,2.98
3624,עוגיות מיני קוקיס לקפה כרמית (600 גר`),כרמית תעשיות ממתקים בעמ,יח`,,1,17.90,2.98
3625,מיקס לקקנים שטוחים 40*7.5  גר`כרמית,כרמית תעשיות ממתקים בעמ,יח`,,1,12.90,4.30
3626,חמישיות שוקולד מריר 60% כרמית ללא גלוטן,כרמית תעשיות ממתקים בעמ,יח`,,1,14.90,3.51
3627,שמן קוקוס אורגני כתית 320 מל עץ הזית,שמן תעשיות בעמ,יח`,,1,29.90,9.34
3628,שמן זית כתית מעולה 750 מל קלאסי עץ הזית,שמן תעשיות בעמ,יח`,,1,34.90,4.65
3629,פילה טונה פרוס עם שמן זית 120  גר`עץ הזי,שמן תעשיות בעמ,יח`,,1,14.90,12.42
3630,פילה טונה פרוס עם שמן זית בטעם מעושן 120,שמן תעשיות בעמ,יח`,,1,14.90,12.42
3631,פסטה עם טונה בשמן זית 160  גר`עץ הזית,שמן תעשיות בעמ,יח`,,1,13.90,8.69
3632,וופל בלגי קפוא 220  גר`woops,קפוא-זן תעשיות מזון בעמ - תפוג,יח`,,1,11.90,5.41
3633,מיני פנקייק אפוי קפוא 500  גר`woops,קפוא-זן תעשיות מזון בעמ - תפוג,יח`,,1,19.90,3.98
3634,אמה מגבונים לניקוי כללי לימון ערטול,עיסא ערטול בעמ,יח`,,1,8.90,8.90
3635,שיפודי במבוק 18  סמ( 100  יח)אינטרסן,אינטרסן 1996 בעמ,יח`,,1,9.90,9.90
3636,אטב מקושט עם אחיזה רכה 24 יח,אינטרסן 1996 בעמ,יח`,,1,11.90,11.90
3637,פילה סלמון נורווגי עישון קר עדין פרוס בא,פוד קולקשן בעמ,יח`,,1,19.90,1.99
3638,וופל קראנץ שוקו ללא סוכר 175  גר`עלמה,רזיט שיווק בעמ,יח`,,1,6.90,3.94
3639,יין קברנה סובניון 750 מל ממלכת יהודה,יקב טפרברג 1870 בעמ (יינות ומש,יח`,,1,24.90,3.28
3640,יין מרלו 750 מל ממלכת יהודה,יקב טפרברג 1870 בעמ (יינות ומש,יח`,,1,24.90,3.28
3641,יין שיראז 750 מל ממלכת יהודה,יקב טפרברג 1870 בעמ (יינות ומש,יח`,,1,24.90,3.28
3642,יין סובניון בלאן 750 מל ממלכת יהודה,יקב טפרברג 1870 בעמ (יינות ומש,יח`,,1,24.90,3.28
3643,יין פטיט סירה 750 מל ישראלי,יקב טפרברג 1870 בעמ (יינות ומש,יח`,,1,19.90,2.61
3644,יין קברנה סוביניון 750 מל ישראלי,יקב טפרברג 1870 בעמ (יינות ומש,יח`,,1,19.90,2.61
3645,לחם שיפון וחיטה מלאה 750 גר אנג`ל,שלמה א. אנג`ל בעמ,יח`,,1,14.90,1.99
3646,סט שירותים מיוחד,מ.א.ייצור ויבוא מטליות בעמ,יח`,,1,20.90,20.90
3647,שמפו+מרכך קידס דר פישר 750 מל,פישר תעשיות פרמצבטיות בעמ,יח`,,1,16.90,2.25
3648,מרכך כביסה מרוכז 600 מל supreme glamour,גורי שיווק בעמ,יח`,,1,12.90,2.15
3649,מרכך כביסה מרוכז 600 מל supreme eleganc,גורי שיווק בעמ,יח`,,1,12.90,2.15
3650,סוד כדוריות נתלה שלשות פרחים מהדורה מיוח,גורי שיווק בעמ,יח`,,1,19.90,19.90
3651,סוד מרכך מרוכז ( 900 מל) 20% +בישום -co,גורי שיווק בעמ,יח`,,1,13.90,1.54
3652,סוד מרכך מרוכז( 900 מל) 20% +בישום -su,גורי שיווק בעמ,יח`,,1,13.90,1.54
3653,סוד מרכך מרוכז (900 מל) 20% +בישום -כח,גורי שיווק בעמ,יח`,,1,13.90,1.54
3654,סוד מרכך מרוכז ( 900 מל) 20% +בישום -ו,גורי שיווק בעמ,יח`,,1,13.90,1.54
3655,פרסיל קפסולות ג`ל 28 יח,גורי שיווק בעמ,יח`,,1,34.90,34.90
3656,דיסקס לכביסה לבנה וצבעונית 22 יח פרסיל,גורי שיווק בעמ,יח`,,1,34.90,34.90
3657,אגוזי קשיו 250  גר`ששון הקולה,דין שיווק וקליה בעמ,יח`,,1,20,8
3658,תה ירוק סופר גרין ויסוצקי) (25,תה ויסוצקי (ישראל) בעמ,יח`,,1,24.90,24.90
3659,תה ירוק סופר פלפל ויסוצקי) (25,תה ויסוצקי (ישראל) בעמ,יח`,,1,24.90,24.90
3660,בייגלה מצופים שוקולד מריר 140 גר` פליפז,תה ויסוצקי (ישראל) בעמ,יח`,,1,7.90,5.64
3661,רזרב קברנה סובניון יקבי ברקן (750 מל) G,טמפו משקאות בעמ,יח`,,1,49.90,6.61
3662,חומוס 800 גר` קפוא,נ.ת.נ.ג.ב החזקות יעוץ וניהול ב,יח`,,1,9.90,1.24
3663,לקט ירקות לקוסקוס 800 גר` קפוא,נ.ת.נ.ג.ב החזקות יעוץ וניהול ב,יח`,,1,9.90,1.24
3664,ארטישוק ארוז פרוסטי 400 גרם,נ.ת.נ.ג.ב החזקות יעוץ וניהול ב,יח`,,1,9.90,2.48
3665,במיה ארוז פרוסטי 600 גרם,נ.ת.נ.ג.ב החזקות יעוץ וניהול ב,יח`,,1,9.90,1.65
3666,עוגיות שוקולד ציפס עם שוקולד מריר מעולה,תה ויסוצקי (ישראל) בעמ,יח`,,1,10.90,7.27
3667,עוגיות ביס בוטנים 200 גר` לחמי,תה ויסוצקי (ישראל) בעמ,יח`,,1,17.90,8.95
3668,פניני צנימים עגולים בטעם קלאסי 300  גר`כ,כרמית תעשיות ממתקים בעמ,יח`,,1,9.90,3.30
3669,שוקולד פרימיום 70% ללא סוכר (100  גר`)כר,כרמית תעשיות ממתקים בעמ,יח`,,1,7.90,7.90
3670,שוקולד פרימיום 70% ללא סוכר תפוז (100 ג,כרמית תעשיות ממתקים בעמ,יח`,,1,7.90,7.90
3671,שוקולד מריר פרימיום 85% כרמית (100 גר`),כרמית תעשיות ממתקים בעמ,יח`,,1,7.90,7.90
3672,חטיף קרקר עם שיפון מלא וגזר 130  גר`כרמי,כרמית תעשיות ממתקים בעמ,יח`,,1,5.90,4.54
3673,חטיף קרקר עם שיפון מלא וקייל 130  גר`כרמ,כרמית תעשיות ממתקים בעמ,יח`,,1,5.90,4.54
3674,כעכים טרליני בסגנון איטלקי בתוספת מלח 40,כרמית תעשיות ממתקים בעמ,יח`,,1,9.90,2.48
3675,כעכים טרליני בסגנון איטלקי בטעם שום בצל,כרמית תעשיות ממתקים בעמ,יח`,,1,9.90,2.48
3676,חמישיות שוקולד חלב *85כרמית,כרמית תעשיות ממתקים בעמ,יח`,,1,14.90,3.51
3677,איגלו סטיקס 800 מל כרמית,כרמית תעשיות ממתקים בעמ,יח`,,1,4.90,4.90
3678,גמלא קברנה סוביניון,היכל היין שקד גולן בעמ,יח`,,1,64.90,8.61
3679,רוטב סויה (444 מל) קיקומן,דיפלומט היינץ,יח`,,1,29.90,6.73
3680,מטלית מיקרופייבר מודפסות לרצפה smile,מ.א.ייצור ויבוא מטליות בעמ,יח`,,1,9.90,9.90
3681,מלית תפוח עץ לעוגה 680  גר`תומר,תומר יבוא ושיווק מוצרי מזון (1,יח`,,1,9.90,1.46
3682,תירס שלשות 200  גר`תומר,תומר יבוא ושיווק מוצרי מזון (1,יח`,,1,7.90,1.32
3683,זית שחור טאסוס 400 גר` תומר,תומר יבוא ושיווק מוצרי מזון (1,יח`,,1,14.90,3.73
3684,אפונה שלשות 200  גר`תומר,תומר יבוא ושיווק מוצרי מזון (1,יח`,,1,7.90,1.32
3685,זית ממולא שום 740  גר`תומר,תומר יבוא ושיווק מוצרי מזון (1,יח`,,1,19.90,5.85
3686,עוגיות מקמח כוסמין 200 גר,אקלר בעמ,יח`,,1,24.90,12.45
3687,קברנה סוביניון 750 מל אקסלנס שיראז,אגודת הכורמים,יח`,,1,24.90,3.28
3688,ריזלינג שרדונה 750 מל אקסלנס,אגודת הכורמים,יח`,,1,24.90,3.28
3689,תירוש אדום 1 ליטר 100% טבעי,אגודת הכורמים,יח`,,1,17.90,17.90
3690,תירוש לבן 1 ליטר 100% טבעי,אגודת הכורמים,יח`,,1,17.90,17.90
3691,מיץ ענבים תירוש 1 ליטר,אגודת הכורמים,יח`,,1,11.90,11.90
3692,חטיף דגנים תמרים ובוטנים ללא גלוטן וללא,דנשר (1963) בעמ,יח`,,1,16.90,16.90
3693,חטיף דגנים תמרים אגוזי לוז וחמוציות ללא,דנשר (1963) בעמ,יח`,,1,16.90,16.90
3694,חטיף דגנים תמרים וקשיו ללא גלוטן וללא סו,דנשר (1963) בעמ,יח`,,1,16.90,16.90
3695,חטיף דגנים פצפוצי אורז מצופה שוקולד מריר,דנשר (1963) בעמ,יח`,,1,16.90,16.90
3696,חטיף דגנים פצפוצי אורז וקוקוס ללא גלוטן,דנשר (1963) בעמ,יח`,,1,16.90,16.90
3697,תפוח רימון סלק 350 מל fruit & veg,יפאורה,יח`,,1,6.90,0.02
3698,אננס תפוח גזר 350 מל fruit & veg,יפאורה,יח`,,1,6.90,0.02
3699,משקה מוגז עדין אבטיח שוופס (1.5 ליטר),יפאורה,יח`,,1,6.90,0.46
3700,משקה בטעם תפוח לימון גראס 1.5 ליטר פרוט,יפאורה,יח`,,1,6.90,0.46
3701,משקה קל אשכולית 1.5 ליטר wow תפוזינה,יפאורה,יח`,,1,6.50,0.43
3702,קמיל בלו אל סבון שיבולת שועל 1 ליטר,פישר תעשיות פרמצבטיות בעמ,יח`,,1,29.90,29.90
3703,ענבים אדומים ארוז,בראשית - אגודה שיתופית חקלאית,יח`,,1,12.90,12.90
3704,ענבים שחורים ארוז,בראשית - אגודה שיתופית חקלאית,יח`,,1,12.90,12.90
3705,מקלות גריסני שומשום 200 גר` מאיר בייגל,דיפלומט היינץ,יח`,,1,11.90,5.95
3706,מקלות גריסני קראנץ מלח 175 גר` מאיר בייג,דיפלומט היינץ,יח`,,1,11.90,6.80
3707,בייגלה שמיניות מלח 330 גר` מאיר בייגל,דיפלומט היינץ,יח`,,1,11.90,3.61
3708,בייגלה גדול שומשום 250 גר` מאיר בייגל,דיפלומט היינץ,יח`,,1,11.90,3.97
3709,בייגלה שטוחלה פינוקים 300 גר` מאיר ביי,דיפלומט היינץ,יח`,,1,11.90,3.97
3710,בייגלה שטוחלה מלח 300 גר` מאיר בייגל,דיפלומט היינץ,יח`,,1,11.90,3.97
3711,מקלות גריסני קראנץ פרג` 175 גר` מאיר ביי,דיפלומט היינץ,יח`,,1,11.90,6.80
3712,בייגלה שטוחלה פרו מלח 170 גר` מאיר בייגל,דיפלומט היינץ,יח`,,1,11.90,7
3713,בייגלה טבעות שומשום 300 גר` מאיר בייגל,דיפלומט היינץ,יח`,,1,11.90,3.97
3714,בייגלה שטוחלה שומשום 300 גר` מאיר בייגל,דיפלומט היינץ,יח`,,1,11.90,3.97
3715,בייגלה שטוחלה פרו BBQ 170 גר` מאיר ביי,דיפלומט היינץ,יח`,,1,11.90,7
3716,בייגלה אצבעות שומשום 300 גר` מאיר בייגל,דיפלומט היינץ,יח`,,1,11.90,3.97
3717,מקלות גריסני קלאסי 200 גר` מאיר בייגל,דיפלומט היינץ,יח`,,1,11.90,5.95
3718,לחם בסגנון אמריקה 500  גר`אנג`ל,שלמה א. אנג`ל בעמ,יח`,,1,12.90,2.58
3719,לחם כוסמין וחיטה מלאה 750  גר`אנגל,שלמה א. אנג`ל בעמ,יח`,,1,14.90,1.99
3720,לחמניות המבורגר שישייה,שלמה א. אנג`ל בעמ,יח`,,1,11.90,2.64
3721,אוסובוקו הודו פרוס ארוז מוביל,ג.ת. שיווק בן בקר בעמ,"ק""ג",,1,19.90,19.90
3722,זיתים קלמנטה 215גר` -סבא חביב,אבאל יזמות בעמ,יח`,,1,12.90,6
3723,זיתים צ`מיצישום 215גר` -סבא חביב,אבאל יזמות בעמ,יח`,,1,9.90,4.60
3724,זיתים על האש 215גר` -סבא חביב,אבאל יזמות בעמ,יח`,,1,12.90,6
3725,שבלולי שמרים במילוי ממרח שוקולד 350 גר`,תנובה קפואים,יח`,,1,17.90,5.11
3726,לה קרמריה 1.4 ושוקו וניל,נגה גלידות שותפות מוגבלת,יח`,,1,22.90,1.64
3727,לה קרמריה 1.4 וניל שוקו,נגה גלידות שותפות מוגבלת,יח`,,1,22.90,1.64
3728,רזרב גולד אדישיין 750 מל גוורצטאמינר,טמפו משקאות בעמ,יח`,,1,49.90,6.61
3729,צימוק כהה 330 גר,דין שיווק וקליה בעמ,יח`,,1,12.90,3.91
3730,שזיפים מיובשים ששון הקולה (330 גרם),דין שיווק וקליה בעמ,יח`,,1,13.90,4.21
3731,חמאת בוטנים 510 גר` עם שברי בוטנים דין ש,דין שיווק וקליה בעמ,יח`,,1,12.90,2.53
3732,חמאת בוטנים 510 גר` דין שיווק,דין שיווק וקליה בעמ,יח`,,1,12.90,2.53
3733,בוטנים מטוגנים בקופסא 185 גר`,דין שיווק וקליה בעמ,יח`,,1,9.90,5.35
3734,סוכריות גומי מצופות סוכר אפרסק,דין שיווק וקליה בעמ,יח`,,1,9.90,3.30
3735,סוכריות גומי מצופות סוכר טעם בננה,דין שיווק וקליה בעמ,יח`,,1,9.90,3.30
3736,סוכריות גומי דובונים 300 גר,דין שיווק וקליה בעמ,יח`,,1,9.90,3.30
3737,סוכריות גומי נחשים 300 גר,דין שיווק וקליה בעמ,יח`,,1,9.90,3.30
3738,סוכריות גומי טעם תות שדה,דין שיווק וקליה בעמ,יח`,,1,9.90,3.30
3739,שקד טבעי 150 גרם ששון הקולה,דין שיווק וקליה בעמ,יח`,,1,11.90,7.93
3740,שקדים קלויים 150 גר ששון הקולה,דין שיווק וקליה בעמ,יח`,,1,16.90,11.27
3741,גרעין שחור קלוי ללא מלח 150  גר`ששון הקו,דין שיווק וקליה בעמ,יח`,,1,3.90,2.60
3742,איגלו שלוקים 60 יח`,כרמית תעשיות ממתקים בעמ,יח`,,1,11.90,11.90
3743,בדין תרסיס למייבש כביסה,יוניליוור ישראל שיווק בעמ,יח`,,1,19.90,3.98
3744,פתית 6 דגנים תלמה (250 גרם),יוניליוור ישראל שיווק בעמ,יח`,,1,17.90,7.16
3745,פתית שיפון תלמה (300 גרם),יוניליוור ישראל שיווק בעמ,יח`,,1,17.90,5.97
3746,מיונז אמיתי הלמנס (789 גרם),יוניליוור ישראל שיווק בעמ,יח`,,1,19.90,2.52
3747,בדין אקסטרא כחול 960 מל,יוניליוור ישראל שיווק בעמ,יח`,,1,16.90,1.76
3748,בדין אקסטרא ורוד 960 מל,יוניליוור ישראל שיווק בעמ,יח`,,1,16.90,1.76
3749,נמס בכוס ועוד טעם עוף שקדי מרק,יוניליוור ישראל שיווק בעמ,יח`,,1,6.90,13.80
3750,תחליב רחצה בניחוח קלאסי פינוק (700 מל),יוניליוור ישראל שיווק בעמ,יח`,,1,12.90,1.84
3751,תחליב רחצה לבנדר ווניל פינוק (700 מל),יוניליוור ישראל שיווק בעמ,יח`,,1,12.90,1.84
3752,נמס בכוס אקסטרה עגבניות,יוניליוור ישראל שיווק בעמ,יח`,,1,4.90,8.45
3753,נמס בכוס אקסטרה פיטריות,יוניליוור ישראל שיווק בעמ,יח`,,1,4.90,8.45
3754,רוטב לעוף בטעם שום ודבש קנור (320 גרם),יוניליוור ישראל שיווק בעמ,יח`,,1,13.90,4.48
3755,מגבונים לניקוי כללי ריח לימון 50 יח` קוו,שקד תבל בעמ,יח`,,1,8.90,8.90
3756,מגבונים לניקוי כללי ריח פרחי בר 50 יח` ק,שקד תבל בעמ,יח`,,1,7.90,7.90
3757,מגבונים לניקוי שירותים ואמבטיה 50 יח` קו,שקד תבל בעמ,יח`,,1,7.90,7.90
3758,מגבונים לניקוי שירותים ואמבטיה לוונדר 50,שקד תבל בעמ,יח`,,1,8.90,8.90
3759,קוויק מגבונים לניקוי וחיטוי רצפות ניחוח,שקד תבל בעמ,יח`,,1,10.90,10.90
3760,דר עור תחליב רחצה קלאסי 700 מל-מאסק,שקד תבל בעמ,יח`,,1,19.90,2.84
3761,דר עור תחליב רחצה אנטי אייג`ינג 700 מל,שקד תבל בעמ,יח`,,1,19.90,2.84
3762,מטליות XL בניחוח פרחי בר קוויק,שקד תבל בעמ,יח`,,1,8.90,8.90
3763,ליידי ספיד סטיק 24/7 גל ורוד,ש.שסטוביץ בעמ,יח`,,1,16.90,33.80
3764,פלמוליב כלים אוקסי כחול פורמולה חדשה,ש.שסטוביץ בעמ,יח`,,1,11.90,1.59
3765,פרי חטיפים ללא סוכר מארז 5 תמרים וקינמו,ש.שסטוביץ בעמ,יח`,,1,17.90,17.90
3766,מנה חמה נודלס תאילנדי,קבוצת אסם סחר שות. מוגבלת,יח`,,1,7.90,10.39
3767,מנה חמה נודלס בסגנון סצ`ואן אסם (76 גרם),קבוצת אסם סחר שות. מוגבלת,יח`,,1,7.90,10.39
3768,פירורית זהב אסם (350 גרם),קבוצת אסם סחר שות. מוגבלת,יח`,,1,8.90,2.54
3769,פירורית אסם (350 גרם),קבוצת אסם סחר שות. מוגבלת,יח`,,1,7.90,2.26
3770,פודינג בטעם ריבת חלב 84 גר` אסם,קבוצת אסם סחר שות. מוגבלת,יח`,,1,5.90,7.02
3771,אפרופו מארז שלישיה,קבוצת אסם סחר שות. מוגבלת,יח`,,1,13.90,9.27
3772,רוטב ברביקיו אסם (290 מל),קבוצת אסם סחר שות. מוגבלת,יח`,,1,11.90,4.76
3773,אסם פירה רגיל 26,קבוצת אסם סחר שות. מוגבלת,יח`,,1,16.90,6.50
3774,פסטה מיני מקרוני אסם (500 גרם),קבוצת אסם סחר שות. מוגבלת,יח`,,1,5.90,1.18
3775,רוטב צ`ילי מתוק אסם (600 מל),קבוצת אסם סחר שות. מוגבלת,יח`,,1,18.90,3.15
3776,אבקת מרק בטעם עוף אסם (1 קג),קבוצת אסם סחר שות. מוגבלת,יח`,,1,14.90,14.90
3777,אבקת מרק רכיבים 400 גר`,קבוצת אסם סחר שות. מוגבלת,יח`,,1,16.90,4.23
3778,ביסלי חטיף בטעם ברביקיו אסם (35x6 גרם),קבוצת אסם סחר שות. מוגבלת,יח`,,1,14.90,7.10
3779,ביסלי חטיף בטעם גריל אסם (35x6 גרם),קבוצת אסם סחר שות. מוגבלת,יח`,,1,15.90,7.57
3780,עוגת הבית עשירות שוקולד פרורים 400 גר`,קבוצת אסם סחר שות. מוגבלת,יח`,,1,18.90,4.73
3781,במבה במילוי נוגט אסם (60 גרם),קבוצת אסם סחר שות. מוגבלת,יח`,,1,4.30,7.17
3782,מרק בטעם עוף זך אסם (400 גרם),קבוצת אסם סחר שות. מוגבלת,יח`,,1,15.90,3.98
3783,פירורי לחם מוזהבים סוגת (200 גרם),סוגת תעשיות בעמ,יח`,,1,4,2
3784,אורז מלא עגול סוגת (1 קג),סוגת תעשיות בעמ,יח`,,1,9.90,0.99
3785,קינואה 500 גר`,סוגת תעשיות בעמ,יח`,,1,15.90,3.18
3786,אורז בסמטי מלא סוגת (1 קג),סוגת תעשיות בעמ,יח`,,1,15.90,1.59
3787,אורז יסמין סוגת (1 קג),סוגת תעשיות בעמ,יח`,,1,12.90,1.29
3788,אורז מיקס קלאסי סוגת (1 קג),סוגת תעשיות בעמ,יח`,,1,14.90,1.49
3789,בורגול סוגת (500 גרם),סוגת תעשיות בעמ,יח`,,1,5.90,1.18
3790,אורז ריזוטו ארבוריו סוגת (1 קג),סוגת תעשיות בעמ,יח`,,1,15.90,1.59
3791,אורז להכנת סושי סוגת (1 קג),סוגת תעשיות בעמ,יח`,,1,12.90,1.29
3792,קינואה אדומה סוגת (500 גרם),סוגת תעשיות בעמ,יח`,,1,15.90,3.18
3793,קמח רב תכליתי סוגת (1 קג),סוגת תעשיות בעמ,יח`,,1,8.90,8.90
3794,קמח שיפון מלא סוגת (1 קג),סוגת תעשיות בעמ,יח`,,1,8.90,8.90
3795,קמח לחלה סוגת (1 קג),סוגת תעשיות בעמ,יח`,,1,8.90,8.90
3796,קמח כוסמין מלא סוגת (1 קג),סוגת תעשיות בעמ,יח`,,1,16.90,1.69
3797,קמח פיצה ופוקצ`ה סוגת 1 קג`,סוגת תעשיות בעמ,יח`,,1,8.90,8.90
3798,קוסקוס דק סוגת (350 גרם),סוגת תעשיות בעמ,יח`,,1,4.90,1.40
3799,קוסקוס עבה סוגת (350 גרם),סוגת תעשיות בעמ,יח`,,1,4.90,1.40
3800,קוסקוס מלא סוגת (350 גרם),סוגת תעשיות בעמ,יח`,,1,4.90,1.40
3801,קמח תופח סוגת 1 קג,סוגת תעשיות בעמ,יח`,,1,7.90,0.79
3802,פתיתים אפויים אורז,סוגת תעשיות בעמ,יח`,,1,5.90,1.18
3803,פתיתים אפויים קוסקוס,סוגת תעשיות בעמ,יח`,,1,5.90,1.18
3804,סוכר חום קלאסי בקופסא סוגת (1 קג),סוגת תעשיות בעמ,יח`,,1,12.90,1.29
3805,פתיתי שיבולת שועל סוגת 500 גר`,סוגת תעשיות בעמ,יח`,,1,4.90,0.98
3806,עדשים שחורות בלוגה סוגת (500 גרם),סוגת תעשיות בעמ,יח`,,1,8.90,1.78
3807,פרורי פנקו לבנים 200  גר`סוגת,סוגת תעשיות בעמ,יח`,,1,5.90,2.95
3808,קמח קסם תערובת קמח שמרים סוגת 1 קג,סוגת תעשיות בעמ,יח`,,1,7.90,7.90
3809,קמח לבן ללא ניפוי 1 קג סוגת,סוגת תעשיות בעמ,יח`,,1,6.90,0.69
3810,קמח מלא ללא ניפוי 1 קג סוגת,סוגת תעשיות בעמ,יח`,,1,6.90,0.69
3811,קמח תופח ללא ניפוי 1 קג סוגת,סוגת תעשיות בעמ,יח`,,1,6.90,0.69
3812,תערובת קסם לחלה סוגת 1 קג,סוגת תעשיות בעמ,יח`,,1,9.90,9.90
3813,מארזפופקורן למיקרוגל בטעם חמאה 1+5 במתנה,סוגת תעשיות בעמ,יח`,,1,12.90,12.90
3814,מארזפופקורן למיקרוגל בטעם טבעי 1+5 במתנה,סוגת תעשיות בעמ,יח`,,1,12.90,12.90
3815,טבלאות פרה סוכריות תות,שטראוס גרופ בעמ,יח`,,1,4.90,4.90
3816,פסק זמן מיני עלית (8-10  יח`- 195 גרם),שטראוס גרופ בעמ,יח`,,1,13.90,7.32
3817,מיקס מיני מקופלת 190 גר`,שטראוס גרופ בעמ,יח`,,1,13.90,7.32
3818,חטיף תירס נאצ`ו מקסיקני דוריטוס (70 גרם),שטראוס פריטו ליי בעמ,יח`,,1,3.90,5.57
3819,חטיף תירס חמוץ חריף דוריטוס (70 גרם),שטראוס פריטו ליי בעמ,יח`,,1,3.90,5.57
3820,חטיף תירס גריל דוריטוס (70 גרם),שטראוס פריטו ליי בעמ,יח`,,1,3.90,5.57
3821,חטיף תירס בטעם טבעי דוריטוס (70 גרם),שטראוס פריטו ליי בעמ,יח`,,1,3.90,5.57
3822,שוקולד פרה מריר 60% קקאו עלית (100 גרם),שטראוס גרופ בעמ,יח`,,1,8.90,8.90
3823,מרכך מועשר בקרטין הוואי (700 מל),הנקל סוד בעמ,יח`,,1,8.90,1.27
3824,סוד כדוריות נתלה לאסלה אורנים,גורי שיווק בעמ,יח`,,1,8.90,8.90
3825,סוד כדוריות נתלה לאסלה אקונומיקה,גורי שיווק בעמ,יח`,,1,8.90,8.90
3826,שמפו לשיער ולגוף ספורט הוואי (700 מל),הנקל סוד בעמ,יח`,,1,8.90,1.27
3827,אבקת כביסה פרסיל (8 קג),גורי שיווק בעמ,יח`,,1,54.90,0.69
3828,כדוריות שלישייה בניחוח לימון,גורי שיווק בעמ,יח`,,1,19.90,19.90
3829,כדוריות שלישייה אקנומיקה,גורי שיווק בעמ,יח`,,1,19.90,19.90
3830,סוד רצפות 1.25 ליטר בריליאנט כחול,גורי שיווק בעמ,יח`,,1,17.90,1376.92
3831,סוד סבון מוצק כחול אקטיבי אקונומיקה,גורי שיווק בעמ,יח`,,1,8.90,8.90
3832,דפים למניעת העברת צבע קולור קאצ`ר (20),גורי שיווק בעמ,יח`,,1,22.90,22.90
3833,נוזל כלים רימון ותאנים סוד (650 מל),גורי שיווק בעמ,יח`,,1,6.90,1.06
3834,סוד נוזל כלים 1.25 ליטר לימון,גורי שיווק בעמ,יח`,,1,9.90,7.92
3835,מרכך כביסה סוד סופט 4 ליטר,גורי שיווק בעמ,יח`,,1,17.90,0.45
3836,נוזל רצפות סוד 2 ליטר כחול,גורי שיווק בעמ,יח`,,1,17.90,0.90
3837,בליסימו שוקולד 1.3 ליטר פאג`ג פקאן,פלקו בעמ,יח`,,1,17.90,13.77
3838,מאגדת מצופה דיאט שמינייה,פלקו בעמ,יח`,,1,27,4.22
3839,מאגדת שלגון יוגורט שישייה,פלקו בעמ,יח`,,1,20,20
3840,בליסימו מילקשייק שוקולטה וניל 1.3,פלקו בעמ,יח`,,1,17.90,13.77
3841,מאגדת שלגון יוגיפרי 6 יח פרווה,פלקו בעמ,יח`,,1,20,20
3842,מאגדת גרניטה אפרסק 6 יח,פלקו בעמ,יח`,,1,19.90,19.90
3843,מאגדת שייק פרי תות ואננס חמישייה,פלקו בעמ,יח`,,1,19.90,19.90
3844,מאגדת שייק פרי מנגו פסיפלורה חמישייה,פלקו בעמ,יח`,,1,19.90,19.90
3845,מאגדת גלידל חלבי וניל 6 יח פלדמן,פלקו בעמ,יח`,,1,24.90,24.90
3846,מאגדת גרניטה לימונדה 6 יח,פלקו בעמ,יח`,,1,16.90,16.90
3847,מנגל נירוסטה גדול על רגל,אוהב ציון בעמ (מבצעים),יח`,,1,79.90,79.90
3848,נר מטה כוכבים,שמחה זה אנחנו בעמ,יח`,,1,5.90,5.90
3849,בקבוק שתייה דגם  שקוף-700  מל-מפרץ ההרפ,שמחה זה אנחנו בעמ,יח`,,1,24.90,24.90
3850,קפסולות 14 למכונות נספרו עלית (10),שטראוס גרופ בעמ,יח`,,1,16.90,33.80
3851,סילאן טבעי 700 גר` יד מרדכי,שטראוס גרופ בעמ,יח`,,1,21.90,3.13
3852,סילאן טבעי לחיץ 380  גר`יד מרדכי,שטראוס גרופ בעמ,יח`,,1,14.90,3.92
3853,דנונה פרו 20 גר` אפרסק,שטראוס גרופ בעמ/מצונן,יח`,,1,5.90,2.95
3854,חטיף צ`יפס קידס תפוצ`יפס (10*20),שטראוס פריטו ליי בעמ,יח`,,1,12.90,6.45
3855,שוש אפוי חטיף בוטנים עלית (25X10),שטראוס פריטו ליי בעמ,יח`,,1,12.90,5.16
3856,מארז צ`יטוס קראנצ` גבינה,שטראוס פריטו ליי בעמ,יח`,,1,13.90,5.79
3857,מארז ציטוס דולפינים עשרייה עלית,שטראוס פריטו ליי בעמ,יח`,,1,12.90,6.45
3858,מארז צ`יטוס כאפה עשירייה עלית,שטראוס פריטו ליי בעמ,יח`,,1,12.90,6.45
3859,מארז צ`יטוס איקס עיגול,שטראוס פריטו ליי בעמ,יח`,,1,12.90,6.45
3860,דניאלה מעדן בטעם מנגו שטראוס (88 גרם),שטראוס גרופ בעמ/מצונן,יח`,,1,4,4.55
3861,קולון 101 אבקת כביסה 6 קג,רקיט בנקיזר (ניר איסט) בעמ,יח`,,1,34.90,5.82
3862,סיליט באנג אקונומיקה 750 מל,רקיט בנקיזר (ניר איסט) בעמ,יח`,,1,9.90,1.32
3863,ספריי להסרת כתמים וניש קליה (750 מל),רקיט בנקיזר (ניר איסט) בעמ,יח`,,1,18.90,2.52
3864,נוזל הברקה למדיח כלים פיניש (800 מל),רקיט בנקיזר (ניר איסט) בעמ,יח`,,1,30.90,3.86
3865,ג`ל להסרת כתמים וניש קליה (3 ליטר),רקיט בנקיזר (ניר איסט) בעמ,יח`,,1,39.90,13.30
3866,קולון 8 קג`,רקיט בנקיזר (ניר איסט) בעמ,יח`,,1,42.90,5.36
3867,פיניש נוזל הברקה 800 מל לימון,רקיט בנקיזר (ניר איסט) בעמ,יח`,,1,30.90,3.86
3868,ג`ל למדיח כלים All in 1 פיניש (600 מל),רקיט בנקיזר (ניר איסט) בעמ,יח`,,1,34.90,5.82
3869,ג`ל למדיח כלים All in 1 פיניש (1 ליטר),רקיט בנקיזר (ניר איסט) בעמ,יח`,,1,44.90,4.49
3870,פיניש ג`ל 1 ליטר AIO,רקיט בנקיזר (ניר איסט) בעמ,יח`,,1,44.90,4.49
3871,מבשם אויר אוטומטי חלום אואזיס,רקיט בנקיזר (ניר איסט) בעמ,יח`,,1,54.90,54.90
3872,מקלות ריחניים חלום ליל קיץ איירוויק,רקיט בנקיזר (ניר איסט) בעמ,יח`,,1,24.90,24.90
3873,נרות ג`מבו  כוכבים- מיקי,שמחה זה אנחנו בעמ,יח`,,1,6.90,6.90
3874,תפוצ`יפס 200 גר` קראנץ` מקסיקני,שטראוס פריטו ליי בעמ,יח`,,1,10.90,5.45
3875,שמיניית אקטימל תות בננה,שטראוס גרופ בעמ/מצונן,יח`,,1,19.90,2.49
3876,מסטיק ללא סוכר קלאסי בזוקה (28 גרם),שטראוס גרופ בעמ,יח`,,1,4.90,17.50
3877,אקטיביה %150 1.5,שטראוס גרופ בעמ/מצונן,יח`,,1,3.70,2.47
3878,משחת שיניים אלמקס (100 מל),ש.שסטוביץ בעמ,יח`,,1,18.90,18.90
3879,גבינת צ`דר אנגלית כתומה פרוס 200גר,נטו מלינדה סחר בעמ,יח`,,1,22.70,11.35
3880,צדר לבן פרוס 200 גר`,נטו מלינדה סחר בעמ,יח`,,1,19.90,9.95
3881,גבינה גאודה עגבניות וזיתים 200 גר`,נטו מלינדה סחר בעמ,יח`,,1,29.90,14.95
3882,יוגורט ביו פרופ 3% תות מולר (150 גרם),החב` המרכזית - טרה,יח`,,1,5,3.33
3883,מולר מעדן אפרסק 150 מל,החב` המרכזית - טרה,יח`,,1,5,3.33
3884,יוגורט ביו פרופ 3% לימון מולר (150 גרם),החב` המרכזית - טרה,יח`,,1,5,3.33
3885,מולר יוגורט פרי פרופ יער 150 מל,החב` המרכזית - טרה,יח`,,1,5,3.33
3886,תבור גבינה לאפיה צוריאל,החב` המרכזית - טרה,יח`,,1,24.90,4.98
3887,חלב עיזים מלא 4.1% משק צוריאל (1 ליטר),החב` המרכזית - טרה,יח`,,1,16.50,16.50
3888,חלב 1% בקרטון טרה (2 ליטר),החב` המרכזית - טרה,יח`,,1,11.18,5.59
3889,יוגורט ביו ביאנקו 2.8% מולר (200 גרם),החב` המרכזית - טרה,יח`,,1,3.80,1.90
3890,מולר מיקס יוגורט קרמי,החב` המרכזית - טרה,יח`,,1,5.90,3.47
3891,מולר מיקס יוגורט קרמי,החב` המרכזית - טרה,יח`,,1,5.90,3.47
3892,מולר סימפלי פרויט תות שדה,החב` המרכזית - טרה,יח`,,1,5,3.33
3893,מולר סימפלי פרויט אפרסק,החב` המרכזית - טרה,יח`,,1,5,3.33
3894,מולר סימפלי פרויט פירות היער,החב` המרכזית - טרה,יח`,,1,5,3.33
3895,גבינה לבנה 5% 750 גר` פיקוח,החב` המרכזית - טרה,יח`,,1,14.25,1.90
3896,יוגורט עיזים 500 גר` לשתיה,החב` המרכזית - טרה,יח`,,1,12.70,2.54
3897,מולר סימפלי פרויט קיווי,החב` המרכזית - טרה,יח`,,1,5,3.33
3898,מולר מיקס קרמי בתוספת קורנפלקס,החב` המרכזית - טרה,יח`,,1,5.90,3.93
3899,מה עז 180 גר` 9%,החב` המרכזית - טרה,יח`,,1,22.50,12.50
3900,גבינה צהובה ואקום 28%,החב` המרכזית - טרה,יח`,,1,28,5.60
3901,גבינה צהובה דק דק 28% אדם,החב` המרכזית - טרה,יח`,,1,16.50,8.25
3902,מאגדת שמיניי ה במתיקות מעודנת 2%,החב` המרכזית - טרה,יח`,,1,18.30,18.30
3903,יוגורט ביו נטורל 1.7% מולר (150x8 גרם),החב` המרכזית - טרה,יח`,,1,17.90,1.49
3904,יוגורט ביו נטורל 2.8% מולר (150x8 גרם),החב` המרכזית - טרה,יח`,,1,17.90,17.90
3905,מאגדת שמינייה מולר סיפלי תות,החב` המרכזית - טרה,יח`,,1,29.90,29.90
3906,גבינה צהובה קלאסית 28% נעם (360 גרם),החב` המרכזית - טרה,יח`,,1,19.90,5.53
3907,מאגדת שמינייה מולר סיפלי פרוט,החב` המרכזית - טרה,יח`,,1,29.90,29.90
3908,מעדן בטעם וניל עם קצפת מוו (123 גרם),החב` המרכזית - טרה,יח`,,1,2.80,2.80
3909,מעדן בטעם שוקולד קצפת מוו (123 גרם),החב` המרכזית - טרה,יח`,,1,2.80,2.80
3910,מולר סימפלי פרויט אננס,החב` המרכזית - טרה,יח`,,1,5,3.33
3911,מעדן בטעם שוקולד מוו (100x8 גרם),החב` המרכזית - טרה,יח`,,1,13.50,1.69
3912,מעדן בטעם וניל מוו (100x8 גרם),החב` המרכזית - טרה,יח`,,1,13.50,1.69
3913,מעדן בטעם שוקולד 1.5% שומן מוו (125 גרם),החב` המרכזית - טרה,יח`,,1,2.70,2.16
3914,מעדן בטעם וניל 1.5% שומן מוו (125 גרם),החב` המרכזית - טרה,יח`,,1,2.70,2.16
3915,יוגורט תות 3% שומן מוו (125 גרם),החב` המרכזית - טרה,יח`,,1,2.80,2.80
3916,מעדן מוו שוקולד ומוס שוקולד,החב` המרכזית - טרה,יח`,,1,2.80,2.28
3917,גבינה צהובה דקה דקה 15% נעם (200 גרם),החב` המרכזית - טרה,יח`,,1,16.90,8.45
3918,יוגורט 0% תות סימפלי מולר (150 גרם),החב` המרכזית - טרה,יח`,,1,5,3.33
3919,יוגורט 0% אפרסק סימפלי מולר (150 גרם),החב` המרכזית - טרה,יח`,,1,5,3.33
3920,מאגדת שמינייה מולר סיפלי 0%,החב` המרכזית - טרה,יח`,,1,29.90,29.90
3921,יוגורט 0% אננס סימפלי מולר (150 גרם),החב` המרכזית - טרה,יח`,,1,5,3.33
3922,גבינה צהובה נעם דק דק פתח סגור 200 גר,החב` המרכזית - טרה,יח`,,1,16.90,8.45
3923,מאגדת שמינייה מיני מוו שוקולד קצפת,החב` המרכזית - טרה,יח`,,1,12.50,12.50
3924,בולגרית 5% בגביע 250 גר` צוריאל,החב` המרכזית - טרה,יח`,,1,22.90,9.16
3925,בולגרית 24% בגביע 250 גר` צוריאל,החב` המרכזית - טרה,יח`,,1,22.90,9.16
3926,מולר מיקס שקדים ובוטנים בקרמל 170 גרם,החב` המרכזית - טרה,יח`,,1,5.90,3.47
3927,מולר מיקס קליק 170 גרם,החב` המרכזית - טרה,יח`,,1,5.90,3.47
3928, קוטג`וחצי 5% 375 גר,החב` המרכזית - טרה,יח`,,1,7.90,2.11
3929,גבינה צהובה אמנטל 30% נעם (200 גרם),החב` המרכזית - טרה,יח`,,1,16.90,8.45
3930,מוצרלה נעם פתיחה חוזרת 200 גר`,החב` המרכזית - טרה,יח`,,1,18.90,9.45
3931,צפתית 5% 200 גר`,החב` המרכזית - טרה,יח`,,1,15.90,7.95
3932,חלב שקית 3% 1 ליטר מהדרין וסט,החב` המרכזית - טרה,יח`,,1,5.17,5.17
3933,חלב קרטון 2 ליטר 3% מהדרין וסט,החב` המרכזית - טרה,יח`,,1,11.88,5.94
3934,חלב הומוגני 3% 1 ליטר מהדרין וסט,החב` המרכזית - טרה,יח`,,1,5.94,5.94
3935,מולר רייס בטעם במתיקות עדינה 170 גר`,החב` המרכזית - טרה,יח`,,1,4.90,2.88
3936,מולר רייס בטעם תות 170 גר`,החב` המרכזית - טרה,יח`,,1,4.90,2.88
3937,יוגורט ביו פרופ 0.9% תות מולר (150 גרם),החב` המרכזית - טרה,יח`,,1,5,3.33
3938,יוגורט ביו פרופ 0.9% מנגו מולר (150 גרם),החב` המרכזית - טרה,יח`,,1,5,3.33
3939,חלב מועשר דל לקטוז 1 ליטר טרה,החב` המרכזית - טרה,יח`,,1,7.10,7.10
3940,מולר מיקס תות בתופסת כריות 170 גר`,החב` המרכזית - טרה,יח`,,1,4.90,2.88
3941,מולר רייס בטעם תפוח קינמון 170 גר`,החב` המרכזית - טרה,יח`,,1,4.90,2.88
3942,לאבנה 9% טרה 500 גר`,החב` המרכזית - טרה,יח`,,1,19.90,3.98
3943,משקה שוקו מועשר בבקבוק 1 ליטר טרה,החב` המרכזית - טרה,יח`,,1,11.50,11.50
3944,שוקו מעושר בבקבוק 250 מל טרה,החב` המרכזית - טרה,יח`,,1,4.90,4.90
3945,משקה חלב בטעם בננה 1 ליטר טרה,החב` המרכזית - טרה,יח`,,1,11.50,11.50
3946,משקה חלב בטעם מוקה 1 ליטר טרה,החב` המרכזית - טרה,יח`,,1,11.50,11.50
3947,משקה חלב בטעם שוקולד אגוזים 1 ליטר טרה,החב` המרכזית - טרה,יח`,,1,11.50,11.50
3948,משקה סויה קלאסי 1 ליטר משק צוריאל,החב` המרכזית - טרה,יח`,,1,9.90,9.90
3949,משקה סויה במתיקות מופחת 1 ליטר משק צוריא,החב` המרכזית - טרה,יח`,,1,9.90,0.01
3950,משקה סויה בטעם וניל 1 ליטר משק צוריאל,החב` המרכזית - טרה,יח`,,1,9.90,0.01
3951,משקה סויה לייט 1 ליטר משק צוריאל,החב` המרכזית - טרה,יח`,,1,9.90,0.01
3952,משקה שקדים קלאסי 1 ליטר משק צוריאל,החב` המרכזית - טרה,יח`,,1,11.90,11.90
3953,מולר יוגורט BIO מועשר חלבון ( 200 גר),החב` המרכזית - טרה,יח`,,1,5.90,2.95
3954,מולר Active מועשר בחלבון עם תות ( 150 גר,החב` המרכזית - טרה,יח`,,1,5.90,3.93
3955,קשקבל נועם פתיחה חוזרת 200 גר`,החב` המרכזית - טרה,יח`,,1,21.90,10.95
3956,מאגדת שמינייה מולר סיפלי מנגו ואננס 1.5%,החב` המרכזית - טרה,יח`,,1,29.90,29.90
3957,אינסטנט פודינג בטעם וניל מיה (85 גרם),מיה תעשיות מזון מ.ת.מ. בעמ,יח`,,1,3.90,4.59
3958,פודינג בטעם שוקולד 85 גר` מיה,מיה תעשיות מזון מ.ת.מ. בעמ,יח`,,1,3.90,4.59
3959,ג`לי בטעם תות 90 גר` מיה,מיה תעשיות מזון מ.ת.מ. בעמ,יח`,,1,3.90,4.33
3960,ספיד סטיק 24/7 גל שחור,ש.שסטוביץ בעמ,יח`,,1,17.90,21.06
3961,פלמוליב חלב ודבש 750מל חדש,ש.שסטוביץ בעמ,יח`,,1,19.90,2.65
3962,קולגייט סנסיטיב פרו ריליף 75 מל,ש.שסטוביץ בעמ,יח`,,1,20,18.18
3963,ספיד סטיק ג`ל אי,ש.שסטוביץ בעמ,יח`,,1,17.90,21.06
3964,צלחות אובליות לסלט חד פעמיות לפיד (50),פאלאס תעשיות נטו (2014) בעמ,יח`,,1,7.90,7.90
3965,צלחת מרכזית חד פעמית לפיד) (50,פאלאס תעשיות נטו (2014) בעמ,יח`,,1,14.90,14.90
3966,כף צבעונית לפיד (100),פאלאס תעשיות נטו (2014) בעמ,יח`,,1,9.90,9.90
3967,כפית צבעונית לפיד (100),פאלאס תעשיות נטו (2014) בעמ,יח`,,1,9.90,9.90
3968,מזלג צבעוני לפיד (100),פאלאס תעשיות נטו (2014) בעמ,יח`,,1,9.90,9.90
3969,כפות חד פעמיות לפיד (100),פאלאס תעשיות נטו (2014) בעמ,יח`,,1,5.90,5.90
3970,כפיות לפיד) (100,פאלאס תעשיות נטו (2014) בעמ,יח`,,1,5.90,5.90
3971,מזלג חד פעמי לפיד (100),פאלאס תעשיות נטו (2014) בעמ,יח`,,1,5.90,5.90
3972,סכין חד פעמי לפיד (100),פאלאס תעשיות נטו (2014) בעמ,יח`,,1,5.90,5.90
3973,כוס יהלום לפיד (40),פאלאס תעשיות נטו (2014) בעמ,יח`,,1,9.90,9.90
3974,צלחות גדולות 1 קילו -פאלאס,פאלאס תעשיות נטו (2014) בעמ,יח`,,1,19.90,19.90
3975,כרוב לבן 400 ג בדצ ירקות שטראוס טעם הטבע,שטראוס גרופ בעמ/מצונן,יח`,,1,8.50,2.13
3976,גזר גוליאן בדצ 400גר שטראוס טעם הטבע,שטראוס גרופ בעמ/מצונן,יח`,,1,8.50,2.13
3977,סלט קולסלאו 400 ג בדצ ירקות שטראוס טעם ה,שטראוס גרופ בעמ/מצונן,יח`,,1,8.50,2.13
3978,קפה PLATINUM אפריקאי 200 גר,שטראוס גרופ בעמ,יח`,,1,25.90,12.95
3979,קפה PLATINUM ברזילאי 200 גר,שטראוס גרופ בעמ,יח`,,1,21.90,10.95
3980,אצבעות שוקולד עם קרם חלב עלית (96 גרם),שטראוס גרופ בעמ,יח`,,1,7.90,8.23
3981,כרוב אדום במיונז אחלה (120 גרם),שטראוס גרופ בעמ/מצונן,יח`,,1,5,4.17
3982,שמיניית אצבעות שוקולד מגדים סוכריות קופצ,שטראוס גרופ בעמ,יח`,,1,7.90,8.23
3983,מקופלת XL חלבי 33 גר,שטראוס גרופ בעמ,יח`,,1,3.90,11.82
3984,גרנולה קראנצי שילוב דגנים עם מייפל ופקאן,שטראוס גרופ בעמ,יח`,,1,17.90,4.48
3985,עלי חסה ערבית שטופים 250 גר טעם הטבע,שטראוס גרופ בעמ/מצונן,יח`,,1,9.90,3.96
3986,מגבות מטבח לובלי שישייה,שניב תעשיות נייר בעמ,יח`,,1,9.90,9.90
3987,מפיות טאצ` 150 יח,שניב תעשיות נייר בעמ,יח`,,1,6.90,6.90
3988,מגבות טאצ שישייה,שניב תעשיות נייר בעמ,יח`,,1,9.90,9.90
3989,ממחטות טאצ` חמישייה צבעוני 500 דף,שניב תעשיות נייר בעמ,יח`,,1,11.90,11.90
3990,מסטיק ללא סוכר בטעם ענבים בזוקה (28 גרם),שטראוס גרופ בעמ,יח`,,1,4.90,17.50
3991,רבע לשבע אגוזים 120 גר`,שטראוס גרופ בעמ,יח`,,1,12.90,10.75
3992,חומוס עם טחינה אחלה (400 גרם),שטראוס גרופ בעמ/מצונן,יח`,,1,11.50,2.88
3993,חומוס עם צנובר אחלה (400 גרם),שטראוס גרופ בעמ/מצונן,יח`,,1,11.50,2.88
3994,חומוס וחריף אחלה (400 גרם),שטראוס גרופ בעמ/מצונן,יח`,,1,11.50,2.88
3995,מעדן בטעם תות בננה גמדים (100x8 גרם),שטראוס גרופ בעמ/מצונן,יח`,,1,18.80,2.35
3996,עלי רוקט שטראוס 150 גר`-טעם הטבע,שטראוס גרופ בעמ/מצונן,יח`,,1,9.90,6.60
3997,מילקי טופ עדשים,שטראוס גרופ בעמ/מצונן,יח`,,1,4.60,2.71
3998,טחינה משומשום מלא אחלה (500 גרם),שטראוס גרופ בעמ/מצונן,יח`,,1,14.90,2.98
3999,ספלנדיד תפוז בדצ,שטראוס גרופ בעמ,יח`,,1,10.90,10.90
4000,אפרופו 50 גר` איטליאנו,קבוצת אסם סחר שות. מוגבלת,יח`,,1,5,10
4001,פודינג בטעם וניל צרפתי 80  גר`אסם,קבוצת אסם סחר שות. מוגבלת,יח`,,1,5.90,7.38
4002,פודינג בטעם שוקולד מריר 95 גר` אסם,קבוצת אסם סחר שות. מוגבלת,יח`,,1,5.90,6.21
4003,דובונים חטיף תפוחי אדמה אסם (20x5 גרם),קבוצת אסם סחר שות. מוגבלת,יח`,,1,13.90,13.90
4004,גביעי גלידה אסם) (24,קבוצת אסם סחר שות. מוגבלת,יח`,,1,13.90,14.63
4005,גביעי גלידה אמריקאים אסם) (24,קבוצת אסם סחר שות. מוגבלת,יח`,,1,13.90,11.58
4006,במבה אסם (200 גרם),קבוצת אסם סחר שות. מוגבלת,יח`,,1,9.90,4.95
4007,רצועות פלפלים קלויים אחלה (400 גרם),שטראוס גרופ בעמ/מצונן,יח`,,1,16.50,4.13
4008,קפה טורקי עלית (85x3 גרם),שטראוס גרופ בעמ,יח`,,1,19.90,7.80
4009,לקט מסולסלים 350 גרם שטראוס טעם הטבע,שטראוס גרופ בעמ/מצונן,יח`,,1,12.90,3.69
4010,עוגת שוקולד עם קרם שוקולד,שטראוס גרופ בעמ,יח`,,1,17.90,5.42
4011,תפוצ`יפס 200 גר` שמנת בצל,שטראוס פריטו ליי בעמ,יח`,,1,10.90,5.45
4012,מארז 4 דני לשתייה,שטראוס גרופ בעמ/מצונן,יח`,,1,11,2.20
4013,מילקי שמיניה,שטראוס גרופ בעמ/מצונן,יח`,,1,19.90,2.29
4014,שוקולד מריר עלית (100x5 גרם),שטראוס גרופ בעמ,יח`,,1,22.90,4.58
4015,שמן זית כתית מעולה יד מרדכי (750 מל),שטראוס גרופ בעמ,יח`,,1,32.90,4.39
4016,שוקולד פרה חלב עלית (100x5 גרם),שטראוס גרופ בעמ,יח`,,1,22.90,4.58
4017,צלחות ענק זהב פאלאס) (25,פאלאס תעשיות נטו (2014) בעמ,יח`,,1,14.90,14.90
4018,צלחת גדולה קרם 25 יח פאלאס,פאלאס תעשיות נטו (2014) בעמ,יח`,,1,8.90,8.90
4019,צלחת מרק קרם 25 יח פאלאס,פאלאס תעשיות נטו (2014) בעמ,יח`,,1,6.90,6.90
4020,קערית אובלית קרם 25 יח פאלאס,פאלאס תעשיות נטו (2014) בעמ,יח`,,1,4.90,4.90
4021,נר נשמה בפחית פאלאס,פאלאס תעשיות נטו (2014) בעמ,יח`,,1,1.90,1.90
4022,תבנית אלומניום קטנה R29 פאלאס 13 יח,פאלאס תעשיות נטו (2014) בעמ,יח`,,1,12.90,12.90
4023,תבנית אלומניום קטנה R29 + מכסה,פאלאס תעשיות נטו (2014) בעמ,יח`,,1,11.90,11.90
4024,מפיות אירוח נקודות 80 יח לפיד,פאלאס תעשיות נטו (2014) בעמ,יח`,,1,5.90,5.90
4025,כוסות חד פעמיות לשתיה קרה פאלאס (100),פאלאס תעשיות נטו (2014) בעמ,יח`,,1,3.90,3.90
4026,צלחות קטנות 100 יח קלאסיק לפיד למיקרוגל,פאלאס תעשיות נטו (2014) בעמ,יח`,,1,16.90,0.17
4027,צלחות גדולות קלאסיק למיקרוגל לפיד (100),פאלאס תעשיות נטו (2014) בעמ,יח`,,1,24.90,0.25
4028,צלחות מרק 100 יח קלאסיק לפיד למיקרוגל,פאלאס תעשיות נטו (2014) בעמ,יח`,,1,17.90,0.18
4029,צלחת קטנה לבן טופ סטאר (50),פאלאס תעשיות נטו (2014) בעמ,יח`,,1,4.90,4.90
4030,כוסות נייר B8 פאלס (50),פאלאס תעשיות נטו (2014) בעמ,יח`,,1,7.90,7.90
4031,נר הבדלה שטוח פאלס,פאלאס תעשיות נטו (2014) בעמ,יח`,,1,6.90,6.90
4032,מפיות לבנות 100 יח לפיד,פאלאס תעשיות נטו (2014) בעמ,יח`,,1,3.90,3.90
4033,מזלג פלטינום 50 יח פאלאס,פאלאס תעשיות נטו (2014) בעמ,יח`,,1,6.90,6.90
4034,כפית פלטינום 50 יח פאלאס,פאלאס תעשיות נטו (2014) בעמ,יח`,,1,6.90,6.90
4035,קעריות אובלי שקוף 50 יח פאלאס,פאלאס תעשיות נטו (2014) בעמ,יח`,,1,7.90,7.90
4036,כוסות שתיה קרה 330 מל 40 יח,פאלאס תעשיות נטו (2014) בעמ,יח`,,1,5.90,5.90
4037,תבנית אלומניום בינונית R31 פאלאס 7 יח,פאלאס תעשיות נטו (2014) בעמ,יח`,,1,8.90,8.90
4038,תבנית אלומניום ענק R99 פאלאס 4 יח,פאלאס תעשיות נטו (2014) בעמ,יח`,,1,8.90,8.90
4039,תבנית אלומניום אינגליש R88 פאלאס 14 יח,פאלאס תעשיות נטו (2014) בעמ,יח`,,1,8.90,8.90
4040,תבנית אלומניום בינונית R2 פאלאס 7 יח,פאלאס תעשיות נטו (2014) בעמ,יח`,,1,8.90,8.90
4041,תבנית אלומניום עמוקה R64 פאלאס 8 יח,פאלאס תעשיות נטו (2014) בעמ,יח`,,1,8.90,8.90
4042,תבנית אלומניום עגולה c10 פאלאס 8 יח,פאלאס תעשיות נטו (2014) בעמ,יח`,,1,9.90,9.90
4043,תבנית אלומניום בינונית R2 פאלאס 5יח,פאלאס תעשיות נטו (2014) בעמ,יח`,,1,8.90,8.90
4044,תחליב רחצה בניחוח קמומיל נקה 7 (750 מל),החברה הדרומית לשיווק בעמ,יח`,,1,11.90,1.59
4045,תחליב רחצה נקה 7 ורוד ורד,החברה הדרומית לשיווק בעמ,יח`,,1,11.90,1.59
4046,תחליב רחצה נקה 7 ירוק אלוורה,החברה הדרומית לשיווק בעמ,יח`,,1,11.90,1.59
4047,תחליב רחצה נקה 7 וניל שקד,החברה הדרומית לשיווק בעמ,יח`,,1,11.90,1.59
4048,ספריי תחליב לילדים 300/50,החברה הדרומית לשיווק בעמ,יח`,,1,49.90,49.90
4049,שמפו קרטין טהור נטורל פורמולה (400 מל),החברה הדרומית לשיווק בעמ,יח`,,1,29.90,7.48
4050,מרכך קרטין נטורל פורמולה (400 מל),החברה הדרומית לשיווק בעמ,יח`,,1,29.90,7.48
4051,דאו סטיק קרליין  נושם+,החברה הדרומית לשיווק בעמ,יח`,,1,19.90,39.80
4052,סופטקר מגבונים רביעייה,החברה הדרומית לשיווק בעמ,יח`,,1,17.90,17.90
4053,סופטקר מגבונים רביעייה,החברה הדרומית לשיווק בעמ,יח`,,1,19.90,19.90
4054,סופטקר אל סבון עדין 770,החברה הדרומית לשיווק בעמ,יח`,,1,17.90,17.90
4055,סופטקר שמפו אל דמע 770,החברה הדרומית לשיווק בעמ,יח`,,1,17.90,17.90
4056,סקינגארד סקין ספריי שקוף 300/50,החברה הדרומית לשיווק בעמ,יח`,,1,54.90,18.30
4057,סקינגארד רולאון 70/50 מל,החברה הדרומית לשיווק בעמ,יח`,,1,29.90,29.90
4058,סקינגארד בוב ספוג ווט סקין ילדים שקוף,החברה הדרומית לשיווק בעמ,יח`,,1,39.90,13.30
4059,תח הגנה 250-50 ילדים s.g,החברה הדרומית לשיווק בעמ,יח`,,1,41.90,41.90
4060,סקינגארד סקין משפחתי 300/50 ווט,החברה הדרומית לשיווק בעמ,יח`,,1,54.90,18.30
4061,קפסולות קפה עלית עשיר וארומטי (10),שטראוס גרופ בעמ,יח`,,1,16.90,16.90
4062,קפסולות 10 חזק ועוצמתי עלית (10),שטראוס גרופ בעמ,יח`,,1,16.90,33.80
4063,קפסולות 7 עדין וקטיפתי עלית (10),שטראוס גרופ בעמ,יח`,,1,16.90,33.80
4064,שמנת לבישול 15% יטבתה (250 מל),שטראוס גרופ בעמ/מצונן,יח`,,1,8,3.20
4065,מקלות כיף כף קלאסי עלית (40 גרם),שטראוס גרופ בעמ,יח`,,1,5,12.50
4066,כיף כף מקלות פצפוצים,שטראוס גרופ בעמ,יח`,,1,5,12.50
4067,מקלות כיף כף אגוזים עלית (42 גרם),שטראוס גרופ בעמ,יח`,,1,5,11.90
4068,חטיף פרה  קראנצ`שוקולד לבן ביסקוויט,שטראוס גרופ בעמ,יח`,,1,6,6
4069,ביסקוויט עד חצות לבן 200 גר`,שטראוס גרופ בעמ,יח`,,1,13.90,6.95
4070,טחינה לבנה אחלה (400 גרם),שטראוס גרופ בעמ/מצונן,יח`,,1,15.50,3.88
4071,סימפוניה פלפל שיפקה חריף,שטראוס גרופ בעמ/מצונן,יח`,,1,11.40,5.70
4072,שום ישראלי קלוף 120  גר`ירקות שטראוס,שטראוס גרופ בעמ/מצונן,יח`,,1,12.90,10.75
4073,סימפוניה בצל ירוק 5%,שטראוס גרופ בעמ/מצונן,יח`,,1,11.40,5.70
4074,צ`יטוס דולפינים עלית (55 גרם),שטראוס פריטו ליי בעמ,יח`,,1,3.50,6.36
4075,סבון נוזלי חלב שקדים פלמוליב (750 מל),ש.שסטוביץ בעמ,יח`,,1,19.90,2.65
4076,ליידי ספיד סטיק,ש.שסטוביץ בעמ,יח`,,1,14.90,29.80
4077,חטיף תמרים ובוטנים פרי (5 יח` - 125 גרם),ש.שסטוביץ בעמ,יח`,,1,17.90,14.32
4078,ספיד סטיק נוטרו,ש.שסטוביץ בעמ,יח`,,1,16.90,16.90
4079,ספיד סטיק כחול א,ש.שסטוביץ בעמ,יח`,,1,24.90,24.90
4080,פרי מארז 5 תמרים קשיו,ש.שסטוביץ בעמ,יח`,,1,17.90,14.32
4081,מיונז לייט 479 גר מנה מאסטר שף,ש.שסטוביץ בעמ,יח`,,1,12.90,2.69
4082,חרדל דיז`ון גרגרים מאסטר שף (370 גרם),ש.שסטוביץ בעמ,יח`,,1,11.90,3.22
4083,בונזו בשר 12  קג`מחולק,דיפלומט היינץ,יח`,,1,129.90,10.83
4084,וודקה פינלנדיה 700 מל,מ. אקרמן בעמ,יח`,,1,64.90,9.23
4085,וויסקי ג`ק דניאלס 700 מל,מ. אקרמן בעמ,יח`,,1,129.90,18.51
4086,חטיף טורטיה שום ובצל אסם (60 גרם),קבוצת אסם סחר שות. מוגבלת,יח`,,1,7.90,13.17
4087,חטיף טורטיה תירס אסם (60 גרם),קבוצת אסם סחר שות. מוגבלת,יח`,,1,7.90,13.17
4088,חרוזית בתיבול לימון בית השיטה (560 גרם),קבוצת אסם סחר שות. מוגבלת,יח`,,1,10.90,3.96
4089,עוגיות ביס בטעם חמאה,קבוצת אסם סחר שות. מוגבלת,יח`,,1,10.90,3.63
4090,רוטב לסלט סויה בסגנון סיני,קבוצת אסם סחר שות. מוגבלת,יח`,,1,12.90,4.45
4091,עוגת הבית דמקה שוקו וניל 320 גר` בחושות,קבוצת אסם סחר שות. מוגבלת,יח`,,1,11.90,3.72
4092,פירורית זהב שומשום אסם (200 גרם),קבוצת אסם סחר שות. מוגבלת,יח`,,1,6.90,3.45
4093,מרק פטריות רכיבים טבעיים אסם (220 גרם),קבוצת אסם סחר שות. מוגבלת,יח`,,1,17.90,8.14
4094,מרק בצל רכיבים טבעיים אסם (220 גרם),קבוצת אסם סחר שות. מוגבלת,יח`,,1,17.90,8.14
4095,פתיתים אפויים 500 גר` אורז עם אטריות אסם,קבוצת אסם סחר שות. מוגבלת,יח`,,1,6.90,6.90
4096,עוגת בראוניז פאדג`,קבוצת אסם סחר שות. מוגבלת,יח`,,1,18.90,4.73
4097,רוטב סויה קלאסי אסם (290 מל),קבוצת אסם סחר שות. מוגבלת,יח`,,1,17.90,6.17
4098,משקה פונץ בננה 1 ליטר מהדרין,שטראוס גרופ בעמ/מצונן,יח`,,1,11.60,1.16
4099,שוקולד מריר 85% ספלנדיד (100 גרם),שטראוס גרופ בעמ,יח`,,1,10.90,10.90
4100,חומוס אחלה (400 גרם),שטראוס גרופ בעמ/מצונן,יח`,,1,8.90,2.23
4101,ספלנדיד חלב 36% עם מוס אספרסו,שטראוס גרופ בעמ,יח`,,1,10.90,10.38
4102,דנונה לשתיה תות בננה,שטראוס גרופ בעמ/מצונן,יח`,,1,4.90,1.86
4103,חומץ בלסמי ממודנה יד מרדכי (250 מל),שטראוס גרופ בעמ,יח`,,1,15.90,6.36
4104,רביולי עם בטטה פרווה שטראוס (400 גרם),שטראוס גרופ בעמ/מצונן,יח`,,1,20.90,5.23
4105,תחבושות אולוויז רדיאנט וליו פק נורמל 24,דיפלומט מפיצים (1968) בעמ,יח`,,1,29.90,29.90
4106,רבע לשבע,שטראוס גרופ בעמ,יח`,,1,12.90,8.06
4107,דנונה פרו תות,שטראוס גרופ בעמ/מצונן,יח`,,1,4.60,3.07
4108,עוגה אישית מילקי  -CAKE רביעייה,שטראוס גרופ בעמ/מצונן,יח`,,1,10.90,8.01
4109,סלט טורקי אחלה (400 גרם),שטראוס גרופ בעמ/מצונן,יח`,,1,16.50,4.13
4110,קוביות סלק אחלה (400 גרם),שטראוס גרופ בעמ/מצונן,יח`,,1,15.50,3.88
4111,מאגדת טוויסט עלית (28x4 גרם),שטראוס גרופ בעמ,יח`,,1,13.90,13.90
4112,חטיף טעמי עלית (40x4 גרם),שטראוס גרופ בעמ,יח`,,1,13.90,13.90
4113,חטיף פופס תפוצ`יפס (60 גרם),שטראוס פריטו ליי בעמ,יח`,,1,3.90,6.50
4114,קפסולות קפה עלית נטול קפאין אספרסו (10),שטראוס גרופ בעמ,יח`,,1,16.90,33.80
4115,אנרג`י פריכיות תחתית שוקולד,שטראוס גרופ בעמ,יח`,,1,8.90,12.71
4116,אנרג`י פריכיות תחתית מצופה שוקולד,שטראוס גרופ בעמ,יח`,,1,8.90,12.71
4117,חטיף תירס גריל דוריטוס (185 גרם),שטראוס פריטו ליי בעמ,יח`,,1,7.50,4.05
4118,חטיף תירס בטעם טבעי דוריטוס (185 גרם),שטראוס פריטו ליי בעמ,יח`,,1,7.50,4.05
4119,סלט ערוגות שטראוס 450 גר`-טעם הטבע,שטראוס גרופ בעמ/מצונן,יח`,,1,11.50,2.56
4120,בייגלה שטוחים שומשום אסם (250 גרם),קבוצת אסם סחר שות. מוגבלת,יח`,,1,10.90,4.36
4121,בייגלה שטוחים עם מלח 250 כשלפ,קבוצת אסם סחר שות. מוגבלת,יח`,,1,10.90,4.36
4122,רוטב לסלט צ`ילי מתוק,קבוצת אסם סחר שות. מוגבלת,יח`,,1,12.90,4.45
4123,פיטנס עוגיות עם חמוציות נסטלה (180 גרם),קבוצת אסם סחר שות. מוגבלת,יח`,,1,11.90,6.61
4124,פיטנס עוגיות שוקולד מריר נסטלה (180 גרם),קבוצת אסם סחר שות. מוגבלת,יח`,,1,11.90,6.61
4125,קרקר לחמית חמישה דגנים אסם (190 גרם),קבוצת אסם סחר שות. מוגבלת,יח`,,1,8.90,4.68
4126,חטיפי טורטיה בטעם חמוץ מתוק אסם (60 גרם),קבוצת אסם סחר שות. מוגבלת,יח`,,1,7.90,13.17
4127,מארז אפרופו קלאסי 25*5,קבוצת אסם סחר שות. מוגבלת,יח`,,1,12.90,10.32
4128,קריספי טאפאס זיתים,קבוצת אסם סחר שות. מוגבלת,יח`,,1,11.90,7.93
4129,קריספי טאפאס פלפלים קלוים אסם (150 גרם),קבוצת אסם סחר שות. מוגבלת,יח`,,1,11.90,7.93
4130,חומוס עם צנוברים צבר (400 גרם),קבוצת אסם סחר שות. מוגבלת,יח`,,1,12,3
4131,בייגלה שטוחים עם שומשום,קבוצת אסם סחר שות. מוגבלת,יח`,,1,9.90,3.30
4132,עוגת הבית סופלה טעם שוקולד,קבוצת אסם סחר שות. מוגבלת,יח`,,1,11.90,3.50
4133,אפרופו שוקולד 40 גר,קבוצת אסם סחר שות. מוגבלת,יח`,,1,5,12.50
4134,חומוס צבר (400 גרם),קבוצת אסם סחר שות. מוגבלת,יח`,,1,11.90,2.38
4135,חומוס מסעדה צבר (700 גרם),קבוצת אסם סחר שות. מוגבלת,יח`,,1,11.90,1.70
4136,לה קרמריה 1.4 סורבה תות לימון,נגה גלידות שותפות מוגבלת,יח`,,1,22.90,1.64
4137,לה קרמריה 1.4 שוקולד,נגה גלידות שותפות מוגבלת,יח`,,1,22.90,1.64
4138,טחינה אמיתית צבר (400 גרם),קבוצת אסם סחר שות. מוגבלת,יח`,,1,11.90,2.98
4139,סלט חציל על האש בטחינה צבר (400 גרם),קבוצת אסם סחר שות. מוגבלת,יח`,,1,12.90,3.23
4140,חציל במיונז על האש צבר (400 גרם),קבוצת אסם סחר שות. מוגבלת,יח`,,1,11.90,2.98
4141,סלט כרוב אדום צבר (400 גרם),קבוצת אסם סחר שות. מוגבלת,יח`,,1,10.90,2.73
4142, קראנצ`540  גר`בונז`ור ולתנור קפוא,קבוצת אסם סחר שות. מוגבלת,יח`,,1,19.90,3.69
4143,דגני בוקר שיבולת שועל 340 גר`,קבוצת אסם סחר שות. מוגבלת,יח`,,1,17.90,5.26
4144,דובונים חטיף תפוחי אדמה אסם (100 גרם),קבוצת אסם סחר שות. מוגבלת,יח`,,1,9.90,9.90
4145,עוגת הבית שמרים שוקולד קלסית,קבוצת אסם סחר שות. מוגבלת,יח`,,1,17.90,5.11
4146,פסק זמן שלישייה,שטראוס גרופ בעמ,יח`,,1,13.90,13.90
4147,פיתה קראנצ` בטעם זעתר עלית (300 גרם),שטראוס פריטו ליי בעמ,יח`,,1,13,4.33
4148,לקט לסלט אסייתי 350 גר`-טעם הטבע,שטראוס גרופ בעמ/מצונן,יח`,,1,10.90,3.11
4149,תפוצ`יפס 50 גר` אקסטרא,שטראוס פריטו ליי בעמ,יח`,,1,3.90,3.90
4150,פופקורן בטעם טבעי עלית (65 גרם),שטראוס פריטו ליי בעמ,יח`,,1,3.90,6
4151,חיוכים שוקו 600 גר בדצ,שטראוס גרופ בעמ,יח`,,1,17.90,2.98
4152,חיוכים וניל 600 גר בדצ,שטראוס גרופ בעמ,יח`,,1,17.90,2.98
4153,תפוצ`יפס 200 גר` אקסטרא,שטראוס פריטו ליי בעמ,יח`,,1,10.90,5.45
4154,טורטית מגדים,שטראוס גרופ בעמ,יח`,,1,3.90,9.75
4155,חטיף תירס ובוטנים צ`יטוס (80 גרם),שטראוס פריטו ליי בעמ,יח`,,1,4.50,5.63
4156,אפיפיות בטעם שוקולד עלית (200x2 גרם),שטראוס גרופ בעמ,יח`,,1,14.90,3.73
4157,בפלות טוב טעם מצופים עם קרם בטעם שוקולד,שטראוס גרופ בעמ,יח`,,1,17.90,4.02
4158,רבע לשבע בוטנים,שטראוס גרופ בעמ,יח`,,1,12.90,10.75
4159,סוכריות נוסטלגיה גומי יין,שטראוס גרופ בעמ,יח`,,1,5.90,7.38
4160,ג`לית 80  גר`-כשלפ,שטראוס גרופ בעמ,יח`,,1,4.90,6.13
4161,פסק זמן נשנושים עלית (130  גרם)* *,שטראוס גרופ בעמ,יח`,,1,11.90,9.15
4162,טורטית נשנושים עלית (130  גרם)* *,שטראוס גרופ בעמ,יח`,,1,11.90,9.15
4163,קונפיטורת תות לייט יד מרדכי (230 גרם),שטראוס גרופ בעמ,יח`,,1,14.90,5.96
4164,קונפיטורת משמש לייט יד מרדכי (230 גרם),שטראוס גרופ בעמ,יח`,,1,14.90,5.96
4165,רוטב צ`ילי מתוק יד מרדכי (320 גר`),שטראוס גרופ בעמ,יח`,,1,14.90,4.66
4166,רוטב שמנת עם עגבניות 9% יטבתה (250 מל),שטראוס גרופ בעמ/מצונן,יח`,,1,9.90,3.96
4167,פסק זמן  קלאסיק- כשלפ,שטראוס גרופ בעמ,יח`,,1,4.90,11.40
4168,חטיף תירס חמוץ חריף דוריטוס (185 גרם),שטראוס פריטו ליי בעמ,יח`,,1,7.50,4.05
4169,יד מרדכי מיץ לימון 250 מל,שטראוס גרופ בעמ,יח`,,1,8.90,3.56
4170,יוגורט 3% פירות יער דנונה (150 גרם),שטראוס גרופ בעמ/מצונן,יח`,,1,3.70,2.47
4171,חטיף תירס בטעם גבינה צ`יטוס (80 גרם),שטראוס פריטו ליי בעמ,יח`,,1,4.50,5.63
4172,מסטיק ללא סוכר בזוקה (66 גרם),שטראוס גרופ בעמ,יח`,,1,9.90,15
4173,מאסט ללא סוכר צנצנת,שטראוס גרופ בעמ,יח`,,1,9.90,15
4174,צנצנת ספירמינט צ`יקלט,שטראוס גרופ בעמ,יח`,,1,9.90,15
4175,עלי תרד בייבי 200גר` שטראוס טעם הטבע,שטראוס גרופ בעמ/מצונן,יח`,,1,10.90,5.45
4176,חיוכים וניל 150 גר`,שטראוס גרופ בעמ,יח`,,1,4.90,3.27
4177,רבע לשבע חלבה,שטראוס גרופ בעמ,יח`,,1,12.90,10.75
4178,רוטב לעוף עם שזיפים (310 גר`) יד מרדכי,שטראוס גרופ בעמ,יח`,,1,14.90,4.81
4179,סירופ מייפל טהור 189מל יד מורדכי,שטראוס גרופ בעמ,יח`,,1,29.90,15.82
4180,דנונה פרו אננס,שטראוס גרופ בעמ/מצונן,יח`,,1,4.60,3.07
4181,כיף כף פצפצים עלית (135 גרם),שטראוס גרופ בעמ,יח`,,1,9.90,7.33
4182,חלב טבעי 3.6% יטבתה (1 ליטר),שטראוס גרופ בעמ/מצונן,יח`,,1,7.50,0.75
4183,מגבוני בד לחים ליטופים (72x5),החברה הדרומית לשיווק בעמ,יח`,,1,21.90,21.90
4184,מטליות לחות לניקוי כללי סושי סנו (50x3),החברה הדרומית לשיווק בעמ,יח`,,1,20,20
4185,מטליות לחות לניקוי כללי סושי סנו (50),החברה הדרומית לשיווק בעמ,יח`,,1,14,14
4186,מגבוני טואלט לחים סנו סופט (48x3),החברה הדרומית לשיווק בעמ,יח`,,1,19.90,19.90
4187,שקיות אשפה חזקות 90x78 סנו סושי (20),החברה הדרומית לשיווק בעמ,יח`,,1,24.90,24.90
4188,תחליב רחצה פרח וניל קרמה (750 מל),החברה הדרומית לשיווק בעמ,יח`,,1,19.90,2.65
4189,ריצפז פרש מטליות חד פעמיות ניחוח מלון מפ,החברה הדרומית לשיווק בעמ,יח`,,1,12.90,12.90
4190,סנו ג`ט למקלחת 750 מל,החברה הדרומית לשיווק בעמ,יח`,,1,15.90,2.12
4191,ג`ט לניקוי כללי ורצפות סנו (2 ליטר),החברה הדרומית לשיווק בעמ,יח`,,1,19.90,1
4192,מקסימה ג`ל כביסה בלי להפריד,החברה הדרומית לשיווק בעמ,יח`,,1,29.60,9.87
4193,ספארק טבליות למדיח סנו (100),החברה הדרומית לשיווק בעמ,יח`,,1,54.90,54.90
4194,ספארק נוזל הברקה למדיח סנו (700 מל),החברה הדרומית לשיווק בעמ,יח`,,1,14.90,1.66
4195,ספארק מלח למדיח סנו (2 קג),החברה הדרומית לשיווק בעמ,יח`,,1,10.90,5.45
4196,נוזל לניקוי כלים לימון 700 מל,החברה הדרומית לשיווק בעמ,יח`,,1,7.90,1.13
4197,נוזל לניקוי כלים 700מל בניחוח לבנדר,החברה הדרומית לשיווק בעמ,יח`,,1,7.90,1.13
4198,נוזל לניקוי כלים קלאסי 700 מל,החברה הדרומית לשיווק בעמ,יח`,,1,7.90,1.13
4199,נוזל לניקוי כלים היפואלרגני,החברה הדרומית לשיווק בעמ,יח`,,1,7.90,1.05
4200,נוזל לניקוי כלים בניחוח לימון 1ליטר,החברה הדרומית לשיווק בעמ,יח`,,1,10.90,10.90
4201,דאודורנט ספריי בניחוח טלק דאב (150 מל),יוניליוור ישראל שיווק בעמ,יח`,,1,14.90,9.93
4202,שמפו בתוספת שמן קוקוס פינוק (700 מל),יוניליוור ישראל שיווק בעמ,יח`,,1,12.90,1.84
4203,מרק טעם עוף רכיבים טבעיים 400 גר` קנור,יוניליוור ישראל שיווק בעמ,יח`,,1,16.90,4.23
4204,מרק בצל רכיבים טבעיים 400 גר` קנור,יוניליוור ישראל שיווק בעמ,יח`,,1,27.90,6.98
4205,מאגדת חטיפי שוגי קורנפלקס שישייה,יוניליוור ישראל שיווק בעמ,יח`,,1,14.90,9.55
4206,מאגדת חטיפי ילדים קוקומן פצפוצים שישייה,יוניליוור ישראל שיווק בעמ,יח`,,1,14.90,11.83
4207,מטליות לחות לניקוי כללי בניחוח לימון,יוניליוור ישראל שיווק בעמ,יח`,,1,9.90,9.90
4208,מטליות לחות לניקוי רצפות בניחוח לימון,יוניליוור ישראל שיווק בעמ,יח`,,1,10.90,10.90
4209,מאגדת חטיפי ילדים שוגי שוקו שישייה,יוניליוור ישראל שיווק בעמ,יח`,,1,14.90,9.55
4210,מאגדת חטיפי ילדים שוגי פצפוצים שישייה,יוניליוור ישראל שיווק בעמ,יח`,,1,14.90,10.80
4211,ברנפלקס אקסטרה פייבר 410 גר` תלמה,יוניליוור ישראל שיווק בעמ,יח`,,1,24.90,6.07
4212,שלישיית סבון אסלה ל5 פעולות בניחוח אוקיי,יוניליוור ישראל שיווק בעמ,יח`,,1,14.90,14.90
4213,שלישיית סבון אסלה ל5 פעולות בניחוח ים ד,יוניליוור ישראל שיווק בעמ,יח`,,1,14.90,14.90
4214,קוקומן חום לבן 750 בדצ מופחת סוכר.,יוניליוור ישראל שיווק בעמ,יח`,,1,29.90,3.99
4215,קוקומן חום לבן 20% פחות סוכר 375 גר`,יוניליוור ישראל שיווק בעמ,יח`,,1,21.90,5.84
4216,ברנפלקס ללא תוספת סוכר 500 גר` בדצ,יוניליוור ישראל שיווק בעמ,יח`,,1,22.90,4.58
4217,ברנפלקס מהדרין תלמה (500 גרם),יוניליוור ישראל שיווק בעמ,יח`,,1,22.90,4.58
4218,שוגי 500 גר`,יוניליוור ישראל שיווק בעמ,יח`,,1,18.90,3.78
4219,מרכך עם קמומיל ואלוורה 700 מל פינוק,יוניליוור ישראל שיווק בעמ,יח`,,1,12.90,1.84
4220,טבעות שומשום 300 גרם,יוניליוור ישראל שיווק בעמ,יח`,,1,10.90,3.63
4221,שטראוס קרמיסימו טעם פיסטוק ושוקולד עם,גלידות שטראוס בעמ,יח`,,1,18.90,14.21
4222,מאגדת מצופים שוקולד בננה,גלידות שטראוס בעמ,יח`,,1,31.90,31.90
4223,מאגדת מיני שלגון קראנצ`י פסק זמן,גלידות שטראוס בעמ,יח`,,1,29.90,10.68
4224,פיטנס פריכיות גדולות שוקולד חלבי 100 גר`,קבוצת אסם סחר שות. מוגבלת,יח`,,1,7.90,7.90
4225,פסטה צינורות מהדרין אסם (500 גרם),קבוצת אסם סחר שות. מוגבלת,יח`,,1,5.90,1.18
4226,מיני פריכונים בטעם זעתר אסם (25 גרם),קבוצת אסם סחר שות. מוגבלת,יח`,,1,4.90,4.90
4227,במבה בומבה 60 גר.,קבוצת אסם סחר שות. מוגבלת,יח`,,1,4.30,4.30
4228,קרוטונים אפויים בתיבול ביתי,קבוצת אסם סחר שות. מוגבלת,יח`,,1,10.90,6.06
4229,קטשופ צילי מתוק 750  גר- אסם,קבוצת אסם סחר שות. מוגבלת,יח`,,1,10.90,1.45
4230,מאגדת לה פרוטה תות,נגה גלידות שותפות מוגבלת,יח`,,1,25.90,7.40
4231,מאגדת לה פרוטה מנגו,נגה גלידות שותפות מוגבלת,יח`,,1,25.90,37
4232,קונפיטורת דובדבן יד מרדכי (340 גרם),שטראוס גרופ בעמ,יח`,,1,14.90,4.38
4233,כיף כף פצפצים עלית (40 גרם),שטראוס גרופ בעמ,יח`,,1,4.90,12.25
4234,כשלפ פריכיות אנרג`י תחתית שוק` לבן,שטראוס גרופ בעמ,יח`,,1,8.90,12.71
4235,חלב 3% מועשר בבקבוק יטבתה (1 ליטר),שטראוס גרופ בעמ/מצונן,יח`,,1,7.50,0.75
4236,חלב מועשר 1% בבקבוק יטבתה (1 ליטר),שטראוס גרופ בעמ/מצונן,יח`,,1,7.50,0.75
4237,לקט סלנובה 200 גר ירקות שטראוס טעם הטבע,שטראוס גרופ בעמ/מצונן,יח`,,1,12.90,6.45
4238,סלק בוואקום מבושל שטראוס (500 גרם),שטראוס גרופ בעמ/מצונן,יח`,,1,7.90,1.58
4239,חלב 2% דל לקטוז בבקבוק יטבתה (1 ליטר),שטראוס גרופ בעמ/מצונן,יח`,,1,7.50,0.75
4240,משקה חלב עם דגנים  ותות- ארוחה בקטנה,שטראוס גרופ בעמ/מצונן,יח`,,1,4.90,1.96
4241,אקטיביה יוגורט 1.5% דנונה (150x8 גרם),שטראוס גרופ בעמ/מצונן,יח`,,1,19.90,16.58
4242,דנונה יווני לבן 7%,שטראוס גרופ בעמ/מצונן,יח`,,1,3.30,2.54
4243,חרדל דיז`ון גרגרים יד מרדכי (350 גרם),שטראוס גרופ בעמ,יח`,,1,11.90,3.40
4244,חרדל דיז`ון חלק 370 גרם,שטראוס גרופ בעמ,יח`,,1,11.90,3.22
4245,צנצנת קוביות בזוקה גומי לעיסה 58גר,שטראוס גרופ בעמ,יח`,,1,9.90,17.07
4246,קפסולות קפה עלית 100% גואטמלה (10),שטראוס גרופ בעמ,יח`,,1,16.90,33.80
4247,אקטימל תות שמינייה בנים,שטראוס גרופ בעמ/מצונן,יח`,,1,19.90,2.30
4248,חציל על האש אחלה (500 גרם),שטראוס גרופ בעמ/מצונן,יח`,,1,15.50,3.10
4249,גזר דק דק 250 גר שטראוס ירקות טעם הטבע,שטראוס גרופ בעמ/מצונן,יח`,,1,7.90,3.16
4250,דנונה פרו טריפל זירו תות,שטראוס גרופ בעמ/מצונן,יח`,,1,4.60,3.07
4251,השוקו שלי - שוקו ללא תוספת סוכר,שטראוס גרופ בעמ/מצונן,יח`,,1,11.60,11.60
4252,אקטיביה יוגורט קרמי 1.5% דנונה (200 גרם),שטראוס גרופ בעמ/מצונן,יח`,,1,3.70,1.85
4253,שעועית אדומה מבושלת 475 גר ירקות שטראוס,שטראוס גרופ בעמ/מצונן,יח`,,1,13.90,2.93
4254,מעדן חלב עם שוקולד ספלנדיד (130 גרם),שטראוס גרופ בעמ/מצונן,יח`,,1,3.20,2.46
4255,מעדן חלב עם שוקולד לבן ספלנדיד (130 גרם),שטראוס גרופ בעמ/מצונן,יח`,,1,3.20,2.46
4256,מילקי שוקולד עשיר 133 גר,שטראוס גרופ בעמ/מצונן,יח`,,1,3.70,2.78
4257,תפוצ`יפס מקלות בטעם טבעי 60 גרם כשלפ,שטראוס פריטו ליי בעמ,יח`,,1,3.90,6.50
4258,תפוצי`פס מקלות בטעם קטשופ 60 גרם כשלפ,שטראוס פריטו ליי בעמ,יח`,,1,3.90,6.50
4259,ממרח פסק זמן מגדים 350 גר`,שטראוס גרופ בעמ,יח`,,1,11.90,3.40
4260,ממרח פסק זמן מגדים 700 גר`,שטראוס גרופ בעמ,יח`,,1,19.90,2.84
4261,שמנת חמוצה מהערבה 27% שומן יטבתה,שטראוס גרופ בעמ/מצונן,יח`,,1,3.90,1.95
4262,קוואקר שיבולת שועל ללא גולטן 511 גר`,שטראוס פריטו ליי בעמ,יח`,,1,19.90,3.89
4263,אגוזי 45 גר` כשלפ,שטראוס גרופ בעמ,יח`,,1,3.90,3.90
4264,סימפוניה שום שמיר 5%,שטראוס גרופ בעמ/מצונן,יח`,,1,11.40,5.70
4265,קונפיטורת משמש 340 גר,שטראוס גרופ בעמ,יח`,,1,14.90,4.38
4266,מאגדת פרה עד 99 שוקולד חלב עם עוגיות עלי,שטראוס גרופ בעמ,יח`,,1,13.90,13.90
4267,מאגדת אנרג`י מצופה טעמי,שטראוס גרופ בעמ,יח`,,1,14.90,8.87
4268,מאגדת אנרג`י מצופה שוקולד חלב,שטראוס גרופ בעמ,יח`,,1,14.90,8.87
4269,שוקולד פרה אקסטרה חלב עלית (100 גרם),שטראוס גרופ בעמ,יח`,,1,6.90,6.90
4270,שוקולד פרה אקסטרא קרם יוגורט תות ועוגיות,שטראוס גרופ בעמ,יח`,,1,6.90,6.90
4271,מעדן שטראוס דיאט וניל 0%,שטראוס גרופ בעמ/מצונן,יח`,,1,3.20,2.46
4272,מעדן שטראוס דיאט שוקולד 0%,שטראוס גרופ בעמ/מצונן,יח`,,1,3.20,2.46
4273,מילקי קצפת קפוצ`ינו 133 גר,שטראוס גרופ בעמ/מצונן,יח`,,1,3.70,2.78
4274,בפלות שוקולד 200  גר`עלית,שטראוס גרופ בעמ,יח`,,1,3.90,1.95
4275,בלונדי שקדים 100  גר`עלית,שטראוס גרופ בעמ,יח`,,1,7.50,7.50
4276,מיקס מעורב 190 גר כשלפ,שטראוס גרופ בעמ,יח`,,1,13.90,7.32
4277,מיקס מעורב 390 גר כשלפ,שטראוס גרופ בעמ,יח`,,1,23.90,6.13
4278,בלונדי קרמל ומלח 100  גר`עלית,שטראוס גרופ בעמ,יח`,,1,7.50,7.50
4279,בלונדי שבבי קוקוס קלוי 100  גר`עלית,שטראוס גרופ בעמ,יח`,,1,7.50,7.50
4280,שוקולד פרה  קראנצ`קוקי 98  גר`עלית,שטראוס גרופ בעמ,יח`,,1,6.90,7.04
4281,מארז טורקי לדרך כשלפ,שטראוס גרופ בעמ,יח`,,1,17.90,10.65
4282,בראוניז פסק זמן בדצ 380 גר`,שטראוס גרופ בעמ,יח`,,1,16.90,4.45
4283,קונפיטורת פירות יער 340 גר יד מרדכי,שטראוס גרופ בעמ,יח`,,1,14.90,4.38
4284,שוקולד מריר ללא סוכר 100 גר`,שטראוס גרופ בעמ,יח`,,1,7.90,7.90
4285,תרסיס שמן זית 150 מל יד מרדכי,שטראוס גרופ בעמ,יח`,,1,17.90,11.93
4286,קפסולות קפה עלית אספרסו בטעם קרמל,שטראוס גרופ בעמ,יח`,,1,16.90,33.80
4287,קפסולות אספרסו בטעם אגוזים עלית,שטראוס גרופ בעמ,יח`,,1,16.90,33.80
4288,קפסולות קפה עלית אוגנדה 13 למכונות נספרו,שטראוס גרופ בעמ,יח`,,1,16.90,33.80
4289,קפסולות קפה עלית אידונזיה מס` 12,שטראוס גרופ בעמ,יח`,,1,16.90,33.80
4290,סימפוניה זיתים פיקנטים 200 גר`,שטראוס גרופ בעמ/מצונן,יח`,,1,11.40,5.70
4291,סימופניה עשבי תיבול 200 גר`,שטראוס גרופ בעמ/מצונן,יח`,,1,11.40,5.70
4292,דניאלה מעדן בטעם אפרסק שטראוס (88 גרם),שטראוס גרופ בעמ/מצונן,יח`,,1,4,2.67
4293,מארז 8 דנונה מתיקות מעודנת ללא סוכר וממת,שטראוס גרופ בעמ/מצונן,יח`,,1,18.50,15.42
4294,עוגת שוקולד פה לבן 380 גר` עלית,שטראוס גרופ בעמ,יח`,,1,17.90,4.71
4295,מטבוחה מרוקאית חריפה 400  גר`אחלה,שטראוס גרופ בעמ/מצונן,יח`,,1,16.50,4.13
4296,חומוס עם חריף 9% שומו (400  גר`)אחלה,שטראוס גרופ בעמ/מצונן,יח`,,1,11.50,2.88
4297,מעדן טחינה בטעם נוגט 125 גר` SOOM,שטראוס גרופ בעמ/מצונן,יח`,,1,3.90,3.12
4298,מעדן טחינה בטעם וניל 125 גר` SOOM,שטראוס גרופ בעמ/מצונן,יח`,,1,3.90,3.12
4299,מעדן טחינה בטעם שוקולד 125 גר` SOOM,שטראוס גרופ בעמ/מצונן,יח`,,1,3.90,3.12
4300,קולגיט אופטיק וויטן אנד ריסטור 75 מל,ש.שסטוביץ בעמ,יח`,,1,24.90,24.90
4301,מארז עגבניות קצוצות דק שלישייה מנה מאסט,ש.שסטוביץ בעמ,יח`,,1,16.90,1.41
4302,עלי טורטיה קמח מלא 320 גר` מנה מאסטר שף,ש.שסטוביץ בעמ,יח`,,1,9.90,3.09
4303,עלי טורטיה קמח לבן 320 גר` מנה מאסטר שף,ש.שסטוביץ בעמ,יח`,,1,9.90,3.09
4304,מנה אורז בסמטי 1 קג,ש.שסטוביץ בעמ,יח`,,1,9.90,9.90
4305,מנה אורז יסמין 1 קג כשר לפסח,ש.שסטוביץ בעמ,יח`,,1,8.90,0.89
4306,ממרח מתובל ספייסי 252 גר מנה מאסטר שף,ש.שסטוביץ בעמ,יח`,,1,7.90,3.13
4307,ממרח מתובל שום 253 גר מנה מאסטר שף,ש.שסטוביץ בעמ,יח`,,1,7.90,3.12
4308,שעועית לבנה גדולה 400 גר מאסטר שף,ש.שסטוביץ בעמ,יח`,,1,5.90,1.48
4309,ליידי ספיד סטיק אלוורה 45 גר,ש.שסטוביץ בעמ,יח`,,1,29.90,66.44
4310,ספיד סטיק כח הטבע אולנג ג`ל,ש.שסטוביץ בעמ,יח`,,1,16.90,26
4311,ליידי ספיד סטיקפיור פרשנס ג`ל 24/7,ש.שסטוביץ בעמ,יח`,,1,16.90,26
4312,עדשים ירוקות 400 גר מאסטר שף,ש.שסטוביץ בעמ,יח`,,1,5.90,1.48
4313,מנה רוטב סויה תסיסה טבעית 620 גר,ש.שסטוביץ בעמ,יח`,,1,19.90,3.21
4314,מנה רוטב סויה דל נתרן 620 גר,ש.שסטוביץ בעמ,יח`,,1,19.90,3.21
4315,פלמוליב סבון מוצק רביעייה קמומיל,ש.שסטוביץ בעמ,יח`,,1,16.90,4.69
4316,מאסטר שף איטריות דקיקות 400 גר,ש.שסטוביץ בעמ,יח`,,1,5.90,1.48
4317,קראנצוס גריל 70 גר`,ש.שסטוביץ בעמ,יח`,,1,3.90,5.57
4318,מרידול משחת שיניים 75מל,ש.שסטוביץ בעמ,יח`,,1,19.90,26.53
4319,וניש גולד ג`ל 940 מ`ל לבן,רקיט בנקיזר (ניר איסט) בעמ,יח`,,1,19.90,2.12
4320,וניש גולד אבקה 1.35 קג לבן,רקיט בנקיזר (ניר איסט) בעמ,יח`,,1,34.90,2.59
4321,וניש גולד אבקה 470גר` ורוד,רקיט בנקיזר (ניר איסט) בעמ,יח`,,1,19.90,4.23
4322,וניש גולד אבקה 470 גר` לבן,רקיט בנקיזר (ניר איסט) בעמ,יח`,,1,19.90,4.23
4323,אירוויק מקלות לבנדר,רקיט בנקיזר (ניר איסט) בעמ,יח`,,1,25.90,86.33
4324,קולון 101 אבקה 2.5 קג,רקיט בנקיזר (ניר איסט) בעמ,יח`,,1,24.90,24.90
4325,וניש אבקה 1620 גר` ורוד,רקיט בנקיזר (ניר איסט) בעמ,יח`,,1,29.90,1.85
4326,סושי- שקיות אשפה חזקות במיוחד,החברה הדרומית לשיווק בעמ,יח`,,1,24.90,24.90
4327, סושי-שקיות רב שימושיותXXL,החברה הדרומית לשיווק בעמ,יח`,,1,13.90,13.90
4328,כרית קרצוף עם ספוג מקציף סנו סושי (6),החברה הדרומית לשיווק בעמ,יח`,,1,10.90,10.90
4329,סנו סושי-שקיות אשפה XL חזקות במיוחד!,החברה הדרומית לשיווק בעמ,יח`,,1,24.90,24.90
4330,ספארק 1.5 ליטר נוזל כלים,החברה הדרומית לשיווק בעמ,יח`,,1,14.90,0.99
4331,סנו מקסימה מרכך 1 ליטר blue blossom,החברה הדרומית לשיווק בעמ,יח`,,1,17.90,1.79
4332,מקסימה מרכך כביסה סופט סילק סנו (1 ליטר),החברה הדרומית לשיווק בעמ,יח`,,1,17.90,1.79
4333,פורטה 750 מל free,החברה הדרומית לשיווק בעמ,יח`,,1,16.90,2.25
4334,אל סבון נוזלי כיף מיניונים (500x3 מל),החברה הדרומית לשיווק בעמ,יח`,,1,19.90,19.90
4335,K4000,החברה הדרומית לשיווק בעמ,יח`,,1,31.90,31.90
4336,מרכך כביסה מקסימה 4 ליטר Blue Dlosson,החברה הדרומית לשיווק בעמ,יח`,,1,19.90,4.98
4337,ג`ט פלוס לניקוי כללי+חומץ 750 ל סנו,החברה הדרומית לשיווק בעמ,יח`,,1,14.90,1.99
4338,ג`ט פלוס לניקוי אסלות+חומץ  750 ל סנו,החברה הדרומית לשיווק בעמ,יח`,,1,13.90,1.85
4339,סנופרש הום נטול גז 350 מל הום סופט סילק,החברה הדרומית לשיווק בעמ,יח`,,1,14.90,4.26
4340,ריצפז פרש הום בניחות מלון חלומי 2 ליטר,החברה הדרומית לשיווק בעמ,יח`,,1,19.90,9.95
4341,מגבונים  ג`ט+ חומץ מארז שלישייה,החברה הדרומית לשיווק בעמ,יח`,,1,20,20
4342,סנו מקסימה סופר מרוכז (1 ליטר) - בריזה,החברה הדרומית לשיווק בעמ,יח`,,1,17.90,1.79
4343,סנו מקסימה סופר מרוכז (1 ליטר) - פרחוני,החברה הדרומית לשיווק בעמ,יח`,,1,17.90,1.79
4344,מגבונים בתוספת אקונומיקה JAVEL,החברה הדרומית לשיווק בעמ,יח`,,1,10.90,10.90
4345,ספארק טבליות למדיח סנו) (30,החברה הדרומית לשיווק בעמ,יח`,,1,19.90,19.90
4346,סבון אסלה מוצק RINGS ניחוח אוקיינוס שליש,החברה הדרומית לשיווק בעמ,יח`,,1,14.90,14.90
4347,קפסולות ספארק למדיח,החברה הדרומית לשיווק בעמ,יח`,,1,39.90,39.90
4348,סנובון שלישיה מוצק WAVE בתוספת אקונומיקה,החברה הדרומית לשיווק בעמ,יח`,,1,17.90,17.90
4349,מגבוני אף דו שכבתיים סנו soft שלישייה,החברה הדרומית לשיווק בעמ,יח`,,1,9.90,9.90
4350,מפת ניילון שקופה בגליל סנו סושי,החברה הדרומית לשיווק בעמ,יח`,,1,15.90,15.90
4351,מטלית הפלא לניקוי כללי במארז שליישיה סנו,החברה הדרומית לשיווק בעמ,יח`,,1,14.90,14.90
4352,מטלית הפלא לריצפה צמד במארז סנו סושי,החברה הדרומית לשיווק בעמ,יח`,,1,19.90,19.90
4353,שקית זיפר 20 יח מידה L סנו סושי,החברה הדרומית לשיווק בעמ,יח`,,1,11.90,11.90
4354,שקית זיפר 50 יח במידה M סנו סושי,החברה הדרומית לשיווק בעמ,יח`,,1,11.90,11.90
4355,סושי סנו שקיות אשפה לפחים קטנים 100 יח,החברה הדרומית לשיווק בעמ,יח`,,1,19.90,19.90
4356,ספוג הפלא נירוסטה סנו סושי,החברה הדרומית לשיווק בעמ,יח`,,1,10.90,10.90
4357,10 שקיות צלייה XL סנו סושי,החברה הדרומית לשיווק בעמ,יח`,,1,8.90,8.90
4358,זוג מפות שולחן לבנות 120*180 סנו,החברה הדרומית לשיווק בעמ,יח`,,1,9.90,9.90
4359,סנו סושי מפת שולחן חגיגית,החברה הדרומית לשיווק בעמ,יח`,,1,5.90,5.90
4360,שקיות מזון סנו סושי) (300,החברה הדרומית לשיווק בעמ,יח`,,1,11.90,11.90
4361,5 תבניות אפייה מנייר אינגליש סנו סושי,החברה הדרומית לשיווק בעמ,יח`,,1,9.90,9.90
4362,4 תבניות אפייה מנייר מלבנית גדולה סנו סו,החברה הדרומית לשיווק בעמ,יח`,,1,9.90,9.90
4363,4 תבניות אפייה מנייר עגולה סנו סושי,החברה הדרומית לשיווק בעמ,יח`,,1,9.90,9.90
4364,כרית קרצוף עם סיבי נירוסטה,החברה הדרומית לשיווק בעמ,יח`,,1,9.90,9.90
4365,מפיות אירוח איכותיות  סנו( 50 יח),החברה הדרומית לשיווק בעמ,יח`,,1,11.90,11.90
4366,ממחטות אף סנו סופט קופסה) (120,החברה הדרומית לשיווק בעמ,יח`,,1,6.90,6.90
4367,ממחטות אף סנו סופט חמישייה,החברה הדרומית לשיווק בעמ,יח`,,1,11.90,11.90
4368,שקיות אשפה עם ידיות 25 יח סנו סושי,החברה הדרומית לשיווק בעמ,יח`,,1,19.90,19.90
4369,סנו סושי-תבניות  אלומניום XL,החברה הדרומית לשיווק בעמ,יח`,,1,9.90,9.90
4370,סנו סושי-תבניות  אלומניום L,החברה הדרומית לשיווק בעמ,יח`,,1,9.90,9.90
4371,שקית אשפה בגליל 100 יח סנו סושי,החברה הדרומית לשיווק בעמ,יח`,,1,29.90,29.90
4372,מפות ניילוון שקופות סנו סושי 10 יח,החברה הדרומית לשיווק בעמ,יח`,,1,15.90,15.90
4373,שמפו/מרכך מיניונים נקה 7 - קידס,החברה הדרומית לשיווק בעמ,יח`,,1,14.90,1.99
4374,אל סבון מיניונים נקה 7 - קידס,החברה הדרומית לשיווק בעמ,יח`,,1,14.90,1.99
4375,בייבי כיף שמן גוף לפני השינה 500 מל,החברה הדרומית לשיווק בעמ,יח`,,1,24.90,4.98
4376,תחליב רחצה שמנהי הזנה נקה  (7507 מל),החברה הדרומית לשיווק בעמ,יח`,,1,11.90,1.59
4377,מסכת קרטין אינטנס למניעת קשקשים,החברה הדרומית לשיווק בעמ,יח`,,1,39.90,11.40
4378,שמפו קרטין אינטנס למניעת קשקשים(410מל),החברה הדרומית לשיווק בעמ,יח`,,1,29.90,7.29
4379,נקה 7 שמפו 750 מל סירוק קל,החברה הדרומית לשיווק בעמ,יח`,,1,12.90,1.72
4380,קרליין פיור אסנס מרכך לשיקום שיער יבש ו,החברה הדרומית לשיווק בעמ,יח`,,1,14.90,2.48
4381,קרליין פיור אסנס מסכה לשיער צבוע,החברה הדרומית לשיווק בעמ,יח`,,1,24.90,8.30
4382,קרליין פיור אסנס שמפו לשיער צבוע,החברה הדרומית לשיווק בעמ,יח`,,1,14.90,2.48
4383,תחליב רחצה כיף בניחוח גלידת מרשמלו 700,החברה הדרומית לשיווק בעמ,יח`,,1,12.90,1.84
4384,תחליב רחצה כיף מסקרפונה ופירות 700,החברה הדרומית לשיווק בעמ,יח`,,1,12.90,1.84
4385,תחליב רחצה כיף בניחוח קרם עוגיות 700,החברה הדרומית לשיווק בעמ,יח`,,1,12.90,1.84
4386,תחליב רחצה כיף בניחוח מנטה קפואה 700,החברה הדרומית לשיווק בעמ,יח`,,1,12.90,1.84
4387,תחליב רחצה כיף בניחוח סורבה מנגו 700,החברה הדרומית לשיווק בעמ,יח`,,1,12.90,1.84
4388,תחליב רחצה כיף ניחוח שקד 700 מל,החברה הדרומית לשיווק בעמ,יח`,,1,12.90,1.84
4389,תחליב רחצה כיף ניחוח דבש 700 מל,החברה הדרומית לשיווק בעמ,יח`,,1,12.90,1.84
4390,תחליב רחצה כיף ניחוח קוקוס וניל 700 מל,החברה הדרומית לשיווק בעמ,יח`,,1,12.90,1.84
4391,תחליב רחצה כיף בניחוח שמן אמבר וגרדניה 7,החברה הדרומית לשיווק בעמ,יח`,,1,12.90,1.84
4392,תחליב רחצה כיף ניחוח מאסק יסמין 700 מל,החברה הדרומית לשיווק בעמ,יח`,,1,12.90,1.84
4393,תחליב רחצה כיף ניחוח אוקיינס 700 מל,החברה הדרומית לשיווק בעמ,יח`,,1,12.90,1.84
4394,תחליב רחצה כיף בניחוח אננס וקוקס 700,החברה הדרומית לשיווק בעמ,יח`,,1,12.90,1.84
4395,תחליב רחצה בניחוח וטיבר ומלח ים 700,החברה הדרומית לשיווק בעמ,יח`,,1,12.90,1.84
4396,תחליב רחצה כיף בניחוח ברגמוט ונרולי 700,החברה הדרומית לשיווק בעמ,יח`,,1,12.90,1.84
4397,כיף מרכך ורד ושמן קוקוי 700,החברה הדרומית לשיווק בעמ,יח`,,1,12.90,1.84
4398,כיף תחליב רחצה ורד ושמן קוקוי 700,החברה הדרומית לשיווק בעמ,יח`,,1,12.90,1.84
4399,סנו מקסימה למייבש 750 מל,החברה הדרומית לשיווק בעמ,יח`,,1,19.90,2.65
4400,כיף מרכך לשיער רגיל יבש רימונים ושמן ארג,החברה הדרומית לשיווק בעמ,יח`,,1,12.90,1.84
4401,כיף מרכך לשיער דק ושביר 700,החברה הדרומית לשיווק בעמ,יח`,,1,12.90,1.84
4402,כיף מרכך לשיער מעוצב קרטין וחמאת שיאה 70,החברה הדרומית לשיווק בעמ,יח`,,1,12.90,1.84
4403,בייבי שמן לתינוק לעור עדין כיף (500 מל),החברה הדרומית לשיווק בעמ,יח`,,1,24.90,4.98
4404,בייבי כיף תחליב רחצה 1 ליטר,החברה הדרומית לשיווק בעמ,יח`,,1,22.90,22.90
4405,בייבי כיף תחליב רחצה 750 מל,החברה הדרומית לשיווק בעמ,יח`,,1,17.90,2.39
4406,שלישיית משחת שיניים 145  גר`אורביטול pro,החברה הדרומית לשיווק בעמ,יח`,,1,21.90,15.10
4407,גבינת גאודה מגורדת 500 גר` 28% שומן הולנ,ג.וילי-פוד אינטרנשיונל בעמ,יח`,,1,26.90,5.38
4408,אנשובי ארוך אמיתי בשמן 45  גר`וילי פוד,ג.וילי-פוד אינטרנשיונל בעמ,יח`,,1,6.90,6.90
4409,גבינת צ`דר מיושנת 200  גר`VINTAGE,ג.וילי-פוד אינטרנשיונל בעמ,יח`,,1,19.90,9.95
4410,גבינת חלומי 200 גר` SAY CHEESE וילי פוד,ג.וילי-פוד אינטרנשיונל בעמ,יח`,,1,24.90,12.45
4411,ממרח חמאה 250 גר` ללא מלח Euro spread ו,ג.וילי-פוד אינטרנשיונל בעמ,יח`,,1,11.90,4.76
4412,ממרח חמאה 250 גר` במליחות עדינה Euro spr,ג.וילי-פוד אינטרנשיונל בעמ,יח`,,1,11.90,4.76
4413,ממרח חמאה 250 גר` לייט במליחות עדינה Eur,ג.וילי-פוד אינטרנשיונל בעמ,יח`,,1,11.90,4.76
4414,פסטה פוזילי 500  גר`PRO וילי פוד,ג.וילי-פוד אינטרנשיונל בעמ,יח`,,1,6.90,1.38
4415,חטיף שקדים וצימוקים HAPPY NUTS וילי פוד,ג.וילי-פוד אינטרנשיונל בעמ,יח`,,1,14.90,10.64
4416,חטיף שקדים וחמוציות HAPPY NUTS וילי פוד,ג.וילי-פוד אינטרנשיונל בעמ,יח`,,1,14.90,10.64
4417,גבינת עיזים רכה בציפוי תפוזים 29% שומן (,ג.וילי-פוד אינטרנשיונל בעמ,יח`,,1,14.90,13.55
4418,4 יח תחתיות לפיצה וילי פוד,ג.וילי-פוד אינטרנשיונל בעמ,יח`,,1,13.90,2.90
4419,גבינת שמנת טבעי 200 גר` EURO CHEESE,ג.וילי-פוד אינטרנשיונל בעמ,יח`,,1,12.90,6.45
4420,גבינת שמנת עשבי תיבול 200 גר` EURO CHEES,ג.וילי-פוד אינטרנשיונל בעמ,יח`,,1,12.90,6.45
4421,גבינת שמנת שום 200 גר` EURO CHEESE,ג.וילי-פוד אינטרנשיונל בעמ,יח`,,1,12.90,6.45
4422,גבינת אדם מותכת 6יח *20גר` (120  גר`)23%,ג.וילי-פוד אינטרנשיונל בעמ,יח`,,1,14.90,12.42
4423,גבינת צ`דר 6יח*20גר` (120  גר)26% שומן,ג.וילי-פוד אינטרנשיונל בעמ,יח`,,1,14.90,12.42
4424,גבינת צהובה מותכת 6 יח *20 גר`( 120 גר`),ג.וילי-פוד אינטרנשיונל בעמ,יח`,,1,14.90,12.42
4425,גבינת גאודה פרוסות 400 גר` וילי פוד,ג.וילי-פוד אינטרנשיונל בעמ,יח`,,1,19.90,4.98
4426,מלפפונים כבושים במלח 18-25 קטנים מאוד (8,ג.וילי-פוד אינטרנשיונל בעמ,יח`,,1,14.90,1.86
4427,גבינה כחולה עם עובש 31% שומן (100 גר`),ג.וילי-פוד אינטרנשיונל בעמ,יח`,,1,15.90,15.90
4428,צנימים עם שומשום 100 גר` melba toast,ג.וילי-פוד אינטרנשיונל בעמ,יח`,,1,7.90,7.90
4429,צנימים עם קמח חיטה מלא 100  גר`melba toa,ג.וילי-פוד אינטרנשיונל בעמ,יח`,,1,7.90,7.90
4430,ממרח חמאה 250 גר` valio,ג.וילי-פוד אינטרנשיונל בעמ,יח`,,1,16.90,6.76
4431,יוגורט יוני 150 גר` ( 10% שומן) וילי פוד,ג.וילי-פוד אינטרנשיונל בעמ,יח`,,1,5.90,3.93
4432,יוגורט יווני עם לימון 150 גר` 0.9% שומן,ג.וילי-פוד אינטרנשיונל בעמ,יח`,,1,5.90,3.93
4433,יוגורט יווני עם אפרסק 150 גר` 0.90% שומן,ג.וילי-פוד אינטרנשיונל בעמ,יח`,,1,5.90,3.93
4434,יוגורט יווני עם דבש 150 גר` ( 8.40% שו,ג.וילי-פוד אינטרנשיונל בעמ,יח`,,1,5.90,3.93
4435,יוגורט יווני עם תות שדה 150 גר` ( 0.90%,ג.וילי-פוד אינטרנשיונל בעמ,יח`,,1,5.90,3.93
4436,קוביות גבינת פטה 5%  שונמן( 200  גר`) וי,ג.וילי-פוד אינטרנשיונל בעמ,יח`,,1,16.90,8.45
4437,פיצה עם פטריות 390 גר` וילי פוד,ג.וילי-פוד אינטרנשיונל בעמ,יח`,,1,13.90,3.56
4438,חמאה אורגנית ללא תוספת מלח 200  גר`BIO,ג.וילי-פוד אינטרנשיונל בעמ,יח`,,1,14.90,7.45
4439,חמאה מחלב עיזים 125  גר`וילי פוד,ג.וילי-פוד אינטרנשיונל בעמ,יח`,,1,11.90,9.52
4440,חמאה מלוחה 200 גר` וילי פוד,ג.וילי-פוד אינטרנשיונל בעמ,יח`,,1,12.90,6.45
4441,חלב כחוש מרוכז וממותק מופחת שומן 397 גר`,ג.וילי-פוד אינטרנשיונל בעמ,יח`,,1,9.90,2.49
4442,יוגורט ייוני 1  קג( 10%  שומן) וילי פוד,ג.וילי-פוד אינטרנשיונל בעמ,יח`,,1,24.90,24.90
4443,יוגורט יווני זוג  (10% 2יח *150 גר`)וילי,ג.וילי-פוד אינטרנשיונל בעמ,יח`,,1,10,3.33
4444,עלי גפן ממולאים באורז פיקנטי 400 גר`,ג.וילי-פוד אינטרנשיונל בעמ,יח`,,1,8.90,2.23
4445,גבינת שמנת עם זיתים 200 גר` EURO CHEESE,ג.וילי-פוד אינטרנשיונל בעמ,יח`,,1,12.90,6.45
4446,גבינת שמנת לייט עם זיתים 200 גר` EURO CH,ג.וילי-פוד אינטרנשיונל בעמ,יח`,,1,12.90,6.45
4447,תפוחונים-תפוחי  עץ מיובשים  (10010*10 גר,ג.וילי-פוד אינטרנשיונל בעמ,יח`,,1,18.90,18.90
4448,גבינת גרנה פדנו מגורדת 100 גר` וילי פוד,ג.וילי-פוד אינטרנשיונל בעמ,יח`,,1,13.90,13.90
4449,טונה בשמן רביעייה 160 גר - וילי פוד העדה,ג.וילי-פוד אינטרנשיונל בעמ,יח`,,1,21.90,3.42
4450,גבינה צהובה פרוסות(אריזה   רכה)400  גר`פ,ג.וילי-פוד אינטרנשיונל בעמ,יח`,,1,13.60,3.40
4451,שוקולד מריר עם אגוזי לוז 70% קקאו 250 גר,ג.וילי-פוד אינטרנשיונל בעמ,יח`,,1,15.90,6.36
4452,גבינה צהובה מגורדת 400 גר`-פיקוח ,ג.וילי-פוד אינטרנשיונל בעמ,יח`,,1,13.60,3.40
4453,חטיפי פריכיות עם זעתר 23גר - אסם,קבוצת אסם סחר שות. מוגבלת,יח`,,1,4.90,21.30
4454,פיטנס פריכיות גדולות שוקולד 100 גרם,קבוצת אסם סחר שות. מוגבלת,יח`,,1,7.90,7.90
4455,פיטנס בר פריכיות שוקולד חלב 84 גרם,קבוצת אסם סחר שות. מוגבלת,יח`,,1,14.90,17.74
4456,פרפקטו ספגטי 500 גר עתיר בסיבים,קבוצת אסם סחר שות. מוגבלת,יח`,,1,6.90,1.38
4457,פסטה פארפאלה אסם פרפקטו (500 גרם),קבוצת אסם סחר שות. מוגבלת,יח`,,1,7.90,1.58
4458,פסטה פאפארדלה אסם פרפקטו (500 גרם),קבוצת אסם סחר שות. מוגבלת,יח`,,1,7.90,1.58
4459,צבר אריסה 180 גר`,קבוצת אסם סחר שות. מוגבלת,יח`,,1,10.90,6.06
4460,צבר סחוג אדום 180 גר`,קבוצת אסם סחר שות. מוגבלת,יח`,,1,10.90,6.06
4461,טבעול-שניצל תירס עם חלבון 664 גר`,קבוצת אסם סחר שות. מוגבלת,יח`,,1,24.90,3.75
4462,קרמוגית במילוי חלווה 200 גר` אסם,קבוצת אסם סחר שות. מוגבלת,יח`,,1,11.90,5.95
4463,קטשופ מופחת סוכר אסם (710 גרם),קבוצת אסם סחר שות. מוגבלת,יח`,,1,11.90,1.59
4464,קראנץ` רולס 450 גר דגני בוקר,קבוצת אסם סחר שות. מוגבלת,יח`,,1,26.90,5.98
4465,המבורגר אנטריקוט בתוספת פטריות יער 360 ג,זוגלובק שיווק בעמ,יח`,,1,23.90,6.64
4466,המבורגר אנטריקוט קלאסי 360 גר` זוגלובק,זוגלובק שיווק בעמ,יח`,,1,23.90,6.64
4467,בורגר אנטיקוט ספייסי 360 גר` זוגלובק,זוגלובק שיווק בעמ,יח`,,1,23.90,6.64
4468,אסטוניש מרסס משמיד עובש,יעקב יעקבי ובניו בעמ,יח`,,1,11.90,1.59
4469,אסטוניש מרסס עם אקונומיקה,יעקב יעקבי ובניו בעמ,יח`,,1,11.90,1.59
4470,אסטוניש מרסס למקלחון,יעקב יעקבי ובניו בעמ,יח`,,1,11.90,1.59
4471,אסטוניש קרם מטבח 500 מל,יעקב יעקבי ובניו בעמ,יח`,,1,17.90,3.58
4472,אסטוניש מרסס תפוז לניקוי רב תכליתי יעקוב,יעקב יעקבי ובניו בעמ,יח`,,1,11.90,1.59
4473,אסטוניש משחה לתנורים+ספוג  250 גר`,יעקב יעקבי ובניו בעמ,יח`,,1,17.90,7.16
4474,דורגול מסיר אבנית מכונת כביסה 500 מל,יעקב יעקבי ובניו בעמ,יח`,,1,29.90,5.98
4475,יעקובי רצפות שיש 1.25 ליטר,יעקב יעקבי ובניו בעמ,יח`,,1,14.90,1146.15
4476,סיידר סומרסבי רביעייה 330 מל,החברה המרכזית להפצת משקאות בעמ,יח`,,1,35.90,2.63
4477,פריגת צלול בטעם ענבים 1.5 ליטר,החברה המרכזית להפצת משקאות בעמ,יח`,,1,7.20,0.48
4478,בקבוק קוקה-קולהז זירו נטול (1.5 ליטר),החברה המרכזית להפצת משקאות בעמ,יח`,,1,6.90,0.46
4479,בקבוק קוקה-קולה זירו לימון 1.5 ליטר,החברה המרכזית להפצת משקאות בעמ,יח`,,1,6.90,0.46
4480,ספרייט ליים 1.5 ליטר,החברה המרכזית להפצת משקאות בעמ,יח`,,1,6.90,4.60
4481,פחית ספרייט ליים 330 מל סליק,החברה המרכזית להפצת משקאות בעמ,יח`,,1,4.50,1.27
4482,פיוז טי לימון נענע 1.5 ליטר,החברה המרכזית להפצת משקאות בעמ,יח`,,1,7.20,0.48
4483,פריגת צלול בטעם מנגו 1.5 ליטר,החברה המרכזית להפצת משקאות בעמ,יח`,,1,7.20,0.48
4484,פריגת צלול בטעם לימוענע 1.5 ליטר,החברה המרכזית להפצת משקאות בעמ,יח`,,1,7.20,0.48
4485,בירה מאלטי 3 דגנים 1.5 ליטר,החברה המרכזית להפצת משקאות בעמ,יח`,,1,7.90,7.90
4486,פאנטה שישית פחיות פרידג`פק,החברה המרכזית להפצת משקאות בעמ,יח`,,1,19.90,9.14
4487,פיוז תה גרין פירות יער 1.5 ליטר,החברה המרכזית להפצת משקאות בעמ,יח`,,1,7.20,7.20
4488,פחית קוקה קולה 250 מל+קפה ,החברה המרכזית להפצת משקאות בעמ,יח`,,1,3.90,1.44
4489,פריגת צלול בטעם תפוזים 1.5 ליטר,החברה המרכזית להפצת משקאות בעמ,יח`,,1,7.20,0.48
4490,בולגרית 16% במרקם מעודן 250 גר,תנובה - חלב,יח`,,1,21.90,8.76
4491,משקה יופלה בטעם קלאסי שמינייה תנובה,תנובה - חלב,יח`,,1,17.50,1944.44
4492,פתיתי עמק 200 גר,תנובה - חלב,יח`,,1,14.90,7.45
4493,פתיתי עמק למאפים 28% 500 גר,תנובה - חלב,יח`,,1,34.90,6.98
4494,פרוסות מוצרלה 150 גר` תנובה,תנובה - חלב,יח`,,1,16.90,11.27
4495,GO יופלה 200 מל תנובה,תנובה - חלב,יח`,,1,5.30,2.65
4496,GO יופלה במתיקות מעודנת 200,תנובה - חלב,יח`,,1,5.30,2.65
4497,מעדן יולו שכבות שוקולד לבן וחלב בטעם קרמ,תנובה - חלב,יח`,,1,4.50,3.69
4498,קוטג בקטנה 5% מהדרין 100  גר`תנובה,תנובה - חלב,יח`,,1,2.30,2.30
4499,קוטג בקטנה 9% מהדרין 100  גר`תנובה,תנובה - חלב,יח`,,1,2.30,2.30
4500,יופלה דיאט קוקוס 150 מל תנובה,תנובה - חלב,יח`,,1,4.90,3.27
4501,גבינה בולגרית מעודנת 5% שומן+תערובת  גרע,תנובה - חלב,יח`,,1,20.90,10.45
4502,יופלה תות GO 200 מל,תנובה - חלב,יח`,,1,5.60,2.80
4503,יופלה אפרסק GO 200 מל,תנובה - חלב,יח`,,1,5.60,2.80
4504,יופלה פירות יער 200 מל GO תנובה,תנובה - חלב,יח`,,1,5.60,2.80
4505,גבינת מסקרפונה 38% שומן 250  גר`השף הלבן,תנובה - חלב,יח`,,1,19.90,7.96
4506,טופו בטעם טבעי 300  גר`תנובה,תנובה - חלב,יח`,,1,11.90,3.97
4507,טופו בטעם בזיליקום 300  גר`תנובה,תנובה - חלב,יח`,,1,11.90,3.97
4508,יופלה טיוב במרקם חלק בטעם תות בננה 348 ג,תנובה - חלב,יח`,,1,11.90,3.42
4509,יופלה משקה יוגורט מועשר בחלבון עם בננה ו,תנובה - חלב,יח`,,1,6.10,6.10
4510,יופלה משקה יוגורט מועשר בחלבון עם תות ופ,תנובה - חלב,יח`,,1,6.10,6.10
4511,יופלה בטעם אננס 200 גר` GO,תנובה - חלב,יח`,,1,5.60,2.80
4512,יוגורט GO עם דובדבן מופחת קולריות 200 ג,תנובה - חלב,יח`,,1,5.50,2.75
4513,יוגורט GO עם אפרסק מופחת קלוריות 200 גר,תנובה - חלב,יח`,,1,5.50,2.75
4514,יוגורט GO עם פירות יער מופחת קולריות 20,תנובה - חלב,יח`,,1,5.50,2.75
4515,משקה קוקוס שקדים 1 ליטר תנובה,תנובה - חלב,יח`,,1,11.90,1.19
4516,יולו שוקולד חלב עם קצפת 42% מוצקי קקאו(1,תנובה - חלב,יח`,,1,3.70,3.08
4517,יולו שוקולד עם קצפת 36% מוצקי קקאו 120 ג,תנובה - חלב,יח`,,1,3.70,3.08
4518,יופלה לייט בטעם אננס 200 גר` GO,תנובה - חלב,יח`,,1,5.60,2.80
4519,עמק בנגיעות טוסקנה 200 גר`,תנובה - חלב,יח`,,1,17.90,8.95
4520,יופלה טיוב במרקם חלק בטעם תות 348 גר` מה,תנובה - חלב,יח`,,1,11.90,3.42
4521,יופלה יוגורט בכוס עם קשית בטעם עוגיות אח,תנובה - חלב,יח`,,1,5.90,2.95
4522,יופלה יוגורט בכוס עם קשית בטעם תותים בשמ,תנובה - חלב,יח`,,1,5.90,2.95
4523,יופלה יוגורט בכוס עם קשית בטעם פירות יער,תנובה - חלב,יח`,,1,5.90,2.95
4524,טופו בטעם מתובל בסגנון פרוברס 300  גר`תנ,תנובה - חלב,יח`,,1,11.90,3.97
4525,ממרח סויה 9% בטעם טבעי 250  גר`תנובה,תנובה - חלב,יח`,,1,7.90,3.16
4526,משקה חלב בטעם וניל 340 גר` 27 גר` חלבון,תנובה - חלב,יח`,,1,7.90,2.32
4527,מעדן שקדים עם שוקולד מריר 125 גר`,תנובה - חלב,יח`,,1,3.90,3.12
4528,מעדן שקדים בטעם אגוזי 125 גר`,תנובה - חלב,יח`,,1,3.90,3.12
4529,גבינה צהובה גלבוע  (5% 200  גר`)תנובה,תנובה - חלב,יח`,,1,17.90,8.95
4530,משקה סויה 1 ליטר ללא תוספת סוכר,תנובה - חלב,יח`,,1,9.90,9.90
4531,משקה יוגורט גו לייט תות בננה 250 מל,תנובה - חלב,יח`,,1,6.10,6.10
4532,משקה יוגורט גו לייט מנגו אננס 250 מל,תנובה - חלב,יח`,,1,6.10,6.10
4533,פרוסות גאודה 170  גר`תנובה,תנובה - חלב,יח`,,1,19.90,11.71
4534,מעדן סויה גו 20 גר` חלבון בטעם תות ( 200,תנובה - חלב,יח`,,1,5.60,2.80
4535,גבינה בולגרית 5% חלפיניו ( 250 גר`) פירא,תנובה - חלב,יח`,,1,21.90,8.76
4536,פיראוס בולגרית למריחה חלפיניו 5% ( 200,תנובה - חלב,יח`,,1,13.90,6.95
4537,משקה שיבולת שועל 1 ליטר תנובה,תנובה - חלב,יח`,,1,11.90,1.19
4538,יופלה און טופ בתוספת נטיפים בטעם שוקולד,תנובה - חלב,יח`,,1,4.90,2.93
4539,יופלה 200 גר` GO קינמון,תנובה - חלב,יח`,,1,5.60,2.80
4540,פיראוס צזיקי יוני 9% שומן על בסיס יוגורט,תנובה - חלב,יח`,,1,11.90,4.76
4541,יופלה GO טבעי 0.7% שומן ( 150 גר`) תנוב,תנובה - חלב,יח`,,1,4.90,3.27
4542,יופלה GO לייט עם תות 150 גר תנובה,תנובה - חלב,יח`,,1,4.90,3.27
4543,יופלה GO לייט עם קוקוס 150 גר תנובה,תנובה - חלב,יח`,,1,4.90,3.27
4544,מעדן סויה ביו בטעם טבעי בתוספת גרנולה קש,תנובה - חלב,יח`,,1,5.90,3.47
4545,מעדן סויה ביו בטעם טבעי בתוספת גרעינים ש,תנובה - חלב,יח`,,1,5.90,3.47
4546,משקה תנובה GO אייס קפה 250 מל,תנובה - חלב,יח`,,1,5.90,2.36
4547,משקה תנובה GO אייס קפה 340  גר`תנובה,תנובה - חלב,יח`,,1,7.90,2.32
4548,פריכיות משולשות -פלפל שחור 30 גר` אנג`י,שטראוס גרופ בעמ,יח`,,1,5.90,19.67
4549,פריכיות משולשות -מלח ים אנג`י,שטראוס גרופ בעמ,יח`,,1,5.90,19.67
4550,דנונה דל לקטוז ביו 200 גר`,שטראוס גרופ בעמ/מצונן,יח`,,1,3.40,1.70
4551,דנונה פרו טריפל זירו וניל 150 מל,שטראוס גרופ בעמ/מצונן,יח`,,1,4.60,3.07
4552,מעדן בטעם תות בננה גמדים מעורבב (100x8 ג,שטראוס גרופ בעמ/מצונן,יח`,,1,18.80,2.35
4553,תפוציפס אפוי עשבי תיבול 45 גר` עלית,שטראוס פריטו ליי בעמ,יח`,,1,3.90,8.67
4554,תפוציפס אפוי בטעם יוגורט ושום שמיר 45 גר,שטראוס פריטו ליי בעמ,יח`,,1,3.90,8.67
4555,1 ליטר חלב דל לקטוז 3%,שטראוס גרופ בעמ/מצונן,יח`,,1,7.50,0.75
4556,חלב נטול לקטוז 2% יטבתה בקבוק,שטראוס גרופ בעמ/מצונן,יח`,,1,8.90,0.89
4557,חלב מעושר בחלבון PRO,שטראוס גרופ בעמ/מצונן,יח`,,1,9.90,0.99
4558,מאגדת אנרג`י תחתית חלב,שטראוס גרופ בעמ,יח`,,1,14.90,10.35
4559,חטיף אנרגי מאג תחתית מריר,שטראוס גרופ בעמ,יח`,,1,14.90,10.35
4560,חטיף אנרגי מאג מיקס אגוזים,שטראוס גרופ בעמ,יח`,,1,14.90,10.35
4561,חטיף אנרגי מאג תחתית לבן ופירות,שטראוס גרופ בעמ,יח`,,1,14.90,10.35
4562,חומוס הסדרה המובחרת עשיר 30% טחינה 400 ג,שטראוס גרופ בעמ/מצונן,יח`,,1,13.90,3.48
4563,בלונדי קרם אגוזי לוז 100  גר`עלית,שטראוס גרופ בעמ,יח`,,1,7.50,7.50
4564,חומוס הסדרה המובחרת עשיר 40% טחינה 400 ג,שטראוס גרופ בעמ/מצונן,יח`,,1,13.90,3.48
4565,חומוס הסדרה המובחרת 30% טחינה 600 גר`,שטראוס גרופ בעמ/מצונן,יח`,,1,14.90,2.48
4566,דנונה מ.מעודנת ללא סוכר 150 גרם,שטראוס גרופ בעמ/מצונן,יח`,,1,3.70,2.47
4567,מעדן ג`לי בטעם פטל חלבי שטראוס (125 גרם,שטראוס גרופ בעמ/מצונן,יח`,,1,2,1.60
4568,דנונה פרו 20 גר` חלבון,שטראוס גרופ בעמ/מצונן,יח`,,1,5.90,2.95
4569,מארז טורקי לדרך עם הל 168 גר`,שטראוס גרופ בעמ,יח`,,1,17.90,10.65
4570,בראוניס שוקולד מריר עם קרם 380 גר` בדצ,שטראוס גרופ בעמ,יח`,,1,16.90,4.45
4571,בפלות אצבעות בלונדי קרמל מלוח 120  גר`על,שטראוס גרופ בעמ,יח`,,1,11.90,9.92
4572,חטיף אנרגי מאג מצופה שוקולד,שטראוס גרופ בעמ,יח`,,1,14.90,10.35
4573,קפסולות קפה עלית קולומביה 08,שטראוס גרופ בעמ,יח`,,1,16.90,33.80
4574,דנונה פרו 200 גר` תות,שטראוס גרופ בעמ/מצונן,יח`,,1,5.90,2.95
4575,קונפיטורת תות במתיקות מעודנת 265 גר` יד,שטראוס גרופ בעמ,יח`,,1,14.90,5.62
4576,קונפיטורת משמש במתיקות מעודנת 265 גר` יד,שטראוס גרופ בעמ,יח`,,1,14.90,5.62
4577,חטיף מארז דוריטוס חמוץ חריף 25*10 גר`,שטראוס פריטו ליי בעמ,יח`,,1,13.90,5.56
4578,חטיף מארז דוריטוס גריל 25*10 גר`,שטראוס פריטו ליי בעמ,יח`,,1,13.90,5.56
4579,רוטב לעוף גריל (310 גר`) יד מרדכי,שטראוס גרופ בעמ,יח`,,1,14.90,4.81
4580,מארז אירוח לניקוי ידיים זהב קוויק,שקד תבל בעמ,יח`,,1,19.90,19.90
4581,צלחת במבוק 23 סמי הכבאי,שמחה זה אנחנו בעמ,יח`,,1,9.90,9.90
4582,כוס במבוק סמי הכבאי,שמחה זה אנחנו בעמ,יח`,,1,7.90,7.90
4583,ניקול מטליות לחות לשיש ניחוח מרכך כביסה,קימברלי קלארק ישראל שיווק בעמ,יח`,,1,11.90,11.90
4584,ניקול מטליות לחות לריצפה ניחוח מרכך כביס,קימברלי קלארק ישראל שיווק בעמ,יח`,,1,13.90,13.90
4585,ניקול רדיד אלומיניום חסכוני 60 מטר עם סכ,קימברלי קלארק ישראל שיווק בעמ,יח`,,1,44.90,44.90
4586,תחבושות נורמל דיפנד ACTIVE,קימברלי קלארק ישראל שיווק בעמ,יח`,,1,19.90,19.90
4587,תחבושות מיני דיפנד ACTIVE,קימברלי קלארק ישראל שיווק בעמ,יח`,,1,19.90,19.90
4588,טמפונים קוטקוס אקטיב  נורמל( 32 יח),קימברלי קלארק ישראל שיווק בעמ,יח`,,1,24.90,24.90
4589,מפת שולחן בגליל עם סליידר ניקול,קימברלי קלארק ישראל שיווק בעמ,יח`,,1,24.90,24.90
4590,נייר טואלט לילי לח מארז רביעייה,קימברלי קלארק ישראל שיווק בעמ,יח`,,1,19.90,19.90
4591,כריות יפניות אנטיבקטריאליות ניקול,קימברלי קלארק ישראל שיווק בעמ,יח`,,1,12.90,12.90
4592,מטליות לחות אנטיבקטריאלי,קימברלי קלארק ישראל שיווק בעמ,יח`,,1,12.90,12.90
4593,מטליות מייקרופייבר למשטחים אנטיבקטריאלי,קימברלי קלארק ישראל שיווק בעמ,יח`,,1,14.90,14.90
4594,מפיות אירוח איכותיות צבעוני - ניקול,קימברלי קלארק ישראל שיווק בעמ,יח`,,1,8.90,8.90
4595,מגן תחתון ג`גיה נורמל קוטקס (76 ),קימברלי קלארק ישראל שיווק בעמ,יח`,,1,19.90,19.90
4596,מגן תחתון יאנג ג`יגה קוטקס (76),קימברלי קלארק ישראל שיווק בעמ,יח`,,1,19.90,19.90
4597,נייר טואלט לילי לח מארז רביעייה kids,קימברלי קלארק ישראל שיווק בעמ,יח`,,1,19.90,19.90
4598,תמרים ללא חרצנים 500 גר` קלית גת,ליימן שליסל בעמ,יח`,,1,11.90,2.38
4599,תערובת אגוזים ואננס 150 גר` קליית גת,ליימן שליסל בעמ,יח`,,1,19.90,13.27
4600,נאצוס בסגנון מסעדות 332 גר` היט הופ,ליימן שליסל בעמ,יח`,,1,16.90,5.25
4601,סוכריות גומי בננה 200  גר`יוגטה,ליימן שליסל בעמ,יח`,,1,9.90,4.95
4602,סוכריות גומי נחשים 200  גר`יוגטה,ליימן שליסל בעמ,יח`,,1,9.90,4.95
4603,סוכריות גומי נחשים מסוכרות 200  גר`יוגטה,ליימן שליסל בעמ,יח`,,1,9.90,4.95
4604,סוכריות גומי בטעמי פירות 200  גר`יוגטה,ליימן שליסל בעמ,יח`,,1,9.90,4.95
4605,סוכריות גומי דובונים 800  גר`יוגטה,ליימן שליסל בעמ,יח`,,1,19.90,2.49
4606,סוכריות גומי נחשים 800  גר`יוגטה,ליימן שליסל בעמ,יח`,,1,19.90,2.49
4607,עלי וופל דקים בטעם חמאה 100 גר` צוקטה,ליימן שליסל בעמ,יח`,,1,9.90,9.90
4608,שוקולד חלב צ`וקטה (90x3 גר`) מארז שליישי,ליימן שליסל בעמ,יח`,,1,9.90,3.67
4609,חלווה בטעם וניל 300 גר` צוקטה,ליימן שליסל בעמ,יח`,,1,9.90,3.30
4610,גלילי וופל בציפוי שוקולד חלב 180 גר` צוק,ליימן שליסל בעמ,יח`,,1,9.90,5.50
4611,בייגלה בתוספת שומשום 200 גר` צוקטה,ליימן שליסל בעמ,יח`,,1,6.50,3.25
4612,בייגלה בתוספת מלח 200 גר` צוקטה,ליימן שליסל בעמ,יח`,,1,6.50,3.25
4613,ממרח חלב וממרח אגוזי לוז 700  גר`צוקטה,ליימן שליסל בעמ,יח`,,1,17.90,2.56
4614,עוגיות דלי מעמול ( 600 גר`),שיבולים יצור ושיווק מוצרי מאפה,יח`,,1,11.90,1.98
4615,עוגיות דלי אצבע שוקולד 600 גר`,שיבולים יצור ושיווק מוצרי מאפה,יח`,,1,11.90,1.98
4616,עוגיות בדלי ממולאות בטעם שוקולד 600 גר`,שיבולים יצור ושיווק מוצרי מאפה,יח`,,1,11.90,1.98
4617,עוגיות בדלי רולדת תמרים 600 גר`,שיבולים יצור ושיווק מוצרי מאפה,יח`,,1,11.90,1.98
4618,שיבולים עוגיות בדלי 500 גר,שיבולים יצור ושיווק מוצרי מאפה,יח`,,1,11.90,2.38
4619,עוגיות בדלי שיבולת שועל גרנולה 500 גר`,שיבולים יצור ושיווק מוצרי מאפה,יח`,,1,11.90,1.98
4620,סלט טורקי מרובע 400 גר` צבר,קבוצת אסם סחר שות. מוגבלת,יח`,,1,11.90,2.98
4621,סלט מטבוחה חריפה מרובע 400 גר` צבר,קבוצת אסם סחר שות. מוגבלת,יח`,,1,10.90,2.73
4622,מאגדת מיני קראנץ וניל,נגה גלידות שותפות מוגבלת,יח`,,1,27.90,10.15
4623,פיטנס פריכיות 3 דגנים דקות 120 גר` אסם,קבוצת אסם סחר שות. מוגבלת,יח`,,1,11.90,9.92
4624,פיטנס פריכיות דקות עם קינואה 120 גר` אסם,קבוצת אסם סחר שות. מוגבלת,יח`,,1,11.90,9.92
4625,כדורי בשר מן הצומח 500 גר` טבעול,קבוצת אסם סחר שות. מוגבלת,יח`,,1,32.90,6.58
4626,ביסלי ספייסי צ`לי 70 גר` אסם,קבוצת אסם סחר שות. מוגבלת,יח`,,1,3.90,5.57
4627,פלאפל מרכיבים ביתיים בלבד 590 גר` טבעול,קבוצת אסם סחר שות. מוגבלת,יח`,,1,32.90,5.58
4628,אוראו מאגדת סנדביץ,נגה גלידות שותפות מוגבלת,יח`,,1,24.90,12.58
4629,שניצל ברוקולי 667 גר` טבעול,קבוצת אסם סחר שות. מוגבלת,יח`,,1,32.90,4.93
4630,שניצל דק מן הצומח 564 גר` טבעול,קבוצת אסם סחר שות. מוגבלת,יח`,,1,32.90,5.83
4631,נקניקיות טינר צמחוניות 680 גר` טבעול,קבוצת אסם סחר שות. מוגבלת,יח`,,1,32.90,4.84
4632,טחון מן הצומח טבעול (500גרם),קבוצת אסם סחר שות. מוגבלת,יח`,,1,32.90,6.58
4633,חזה בגריל צמחוני 99 קלוריות 560 גר` טבע,קבוצת אסם סחר שות. מוגבלת,יח`,,1,32.90,5.88
4634,שניצל ברוקולי 99 קלוריות 560 גר` טבעול,קבוצת אסם סחר שות. מוגבלת,יח`,,1,32.90,5.88
4635,שניצל צמחוני 99 קלוריות 650 גר` טבעול,קבוצת אסם סחר שות. מוגבלת,יח`,,1,32.90,5.06
4636,קציצות עדשים כתומות 530 גר` טבעול,קבוצת אסם סחר שות. מוגבלת,יח`,,1,32.90,6.21
4637,המבורגר צמחוני 99 קלוריות 600 גר` טבעול,קבוצת אסם סחר שות. מוגבלת,יח`,,1,32.90,5.48
4638,שניצל תירס 99 קלוריות 693 גר` טבעול,קבוצת אסם סחר שות. מוגבלת,יח`,,1,32.90,4.75
4639,נקניקיות קוקטייל צמחונית 680 גר` טבעול,קבוצת אסם סחר שות. מוגבלת,יח`,,1,32.90,4.84
4640,פרורית זהב כוסמין 200  גר`אסם,קבוצת אסם סחר שות. מוגבלת,יח`,,1,7.90,3.95
4641,פיטנס מיני פריכיות שוקולד חלב,קבוצת אסם סחר שות. מוגבלת,יח`,,1,21.90,19.91
4642,נודלס אטריות אורז רחבות 300 גר` אסם,קבוצת אסם סחר שות. מוגבלת,יח`,,1,9.90,3.30
4643,נודלס אטריות ביצים רחבות מאוד 400  גר`אס,קבוצת אסם סחר שות. מוגבלת,יח`,,1,9.90,2.48
4644,פרורית פנקו 300  גר`אסם,קבוצת אסם סחר שות. מוגבלת,יח`,,1,7.90,2.63
4645,רוטב אסייתי למוקפץ 290 מל אסם,קבוצת אסם סחר שות. מוגבלת,יח`,,1,14.90,5.14
4646,רוטב אסייתי חריף למוקפץ 290 מל אסם,קבוצת אסם סחר שות. מוגבלת,יח`,,1,14.90,5.14
4647,נתחוני עוף טבעוני 350 גר` טבעול,קבוצת אסם סחר שות. מוגבלת,יח`,,1,32.90,9.40
4648,חומוס עם המון חריף 375 גר` צבר,קבוצת אסם סחר שות. מוגבלת,יח`,,1,12,3.20
4649,קראנצוס בצל 70 גר`,ש.שסטוביץ בעמ,יח`,,1,3.90,5.57
4650,קראנצוס ברביקין 70 גר`,ש.שסטוביץ בעמ,יח`,,1,3.90,5.57
4651,קראנצוס פיצה 70 גר`,ש.שסטוביץ בעמ,יח`,,1,3.90,5.57
4652,ממרח עגבניות מיובשות 190 גר` מאסטר שף,ש.שסטוביץ בעמ,יח`,,1,13.90,7.32
4653,פסטו אדום 190 גר` מאסטר שף,ש.שסטוביץ בעמ,יח`,,1,13.90,7.32
4654,פסטו ירוק 190 גר` מאסטר שף,ש.שסטוביץ בעמ,יח`,,1,13.90,7.32
4655,שימורי גרעיני תירס מתוק 425 גר` מאסטר שף,ש.שסטוביץ בעמ,יח`,,1,5.90,1.39
4656,קולגיט משחת שיינים אופטיק וייט אקספרט וי,ש.שסטוביץ בעמ,יח`,,1,24.90,24.90
4657,מארז עגבניות קוביות שלישייה מאסטר שף,ש.שסטוביץ בעמ,יח`,,1,16.90,1.41
4658,סבון ידיים היגיינה 300 מל פלמוליב,ש.שסטוביץ בעמ,יח`,,1,7.90,2.63
4659,משחת שיניים קולגייט טוטל קילן מינט זוג כ,ש.שסטוביץ בעמ,יח`,,1,28.90,14.45
4660,ליידי ספיד סטיק דרמה ויטמין אי,ש.שסטוביץ בעמ,יח`,,1,19.90,44.22
4661,אטריות להקפצה 350  גר`מאסטר שף,ש.שסטוביץ בעמ,יח`,,1,7.90,2.26
4662,משחת שיניים קולגייט טוטל הלבנה 100 זוכ כ,ש.שסטוביץ בעמ,יח`,,1,28.90,14.45
4663,משחת שיניים קולגייט מקס פרש מארז זוג כשר,ש.שסטוביץ בעמ,יח`,,1,29.90,23.92
4664,פרי חטיפי בריאות מארז 5 תמרים ואגוזי לוז,ש.שסטוביץ בעמ,יח`,,1,17.90,14.32
4665,פרי חטיפי בריאות מארז 5 תמרים חמוציות ות,ש.שסטוביץ בעמ,יח`,,1,17.90,14.32
4666,פרי חטיפי בריאות מארז 5 תמרים וקוקוס כשר,ש.שסטוביץ בעמ,יח`,,1,17.90,14.32
4667,פרי חטיפי בריאות מארז 5 תמרים קשיו ונגיע,ש.שסטוביץ בעמ,יח`,,1,17.90,14.32
4668,פרי חטיפי בריאות מארז 5 תמרים בוטנים ואג,ש.שסטוביץ בעמ,יח`,,1,17.90,14.32
4669,פרי חטיפי בריאות מארז 5 תמרים בוטנים אגו,ש.שסטוביץ בעמ,יח`,,1,17.90,14.32
4670,רוטב סויה בהירה מאסטר שף (700 מל),ש.שסטוביץ בעמ,יח`,,1,16.90,2.41
4671,פוף טבעות גריל 50 גר` כשר לפסח,ש.שסטוביץ בעמ,יח`,,1,3.90,7.80
4672,וולייט ג`ל גולד 3 ליטר לשמירה על הבגד,רקיט בנקיזר (ניר איסט) בעמ,יח`,,1,29.90,9.97
4673,טבליות למדיח כלים All in 1 פיניש (80),רקיט בנקיזר (ניר איסט) בעמ,יח`,,1,59.90,59.90
4674,מילוי מבשם אויר אוטומטי תענוגות אביב,רקיט בנקיזר (ניר איסט) בעמ,יח`,,1,26.90,10.76
4675,מילוי מבשם אויר אוטומטי פריחת דובדבן,רקיט בנקיזר (ניר איסט) בעמ,יח`,,1,26.90,10.76
4676,פיניש מנקה מחדש בריח לימון,רקיט בנקיזר (ניר איסט) בעמ,יח`,,1,20.90,20.90
4677,וולייט מרכך גולד מנגוליה 1.2 ליטר,רקיט בנקיזר (ניר איסט) בעמ,יח`,,1,16.90,1408.33
4678,פיניש ג`ל 1 ליטר אקולוגי,רקיט בנקיזר (ניר איסט) בעמ,יח`,,1,44.90,4.49
4679,ג`ל למדיח כלים בניחוח מרענן פיניש (1 לי,רקיט בנקיזר (ניר איסט) בעמ,יח`,,1,44.90,4.49
4680,פיניש מנקה מדיח טבליות,רקיט בנקיזר (ניר איסט) בעמ,יח`,,1,19.90,19.90
4681,קולון ג`ל 2.5 ליטר כחול,רקיט בנקיזר (ניר איסט) בעמ,יח`,,1,24.90,24.90
4682,קולון ג`ל 2.5 ליטר כביסה מרוכז סגול,רקיט בנקיזר (ניר איסט) בעמ,יח`,,1,24.90,24.90
4683,קולון ג`ל 2.5 ליטר בניחוח ורדים ורוד,רקיט בנקיזר (ניר איסט) בעמ,יח`,,1,24.90,24.90
4684,קולון ג`ל 2.5 ליטר בניחוח מרענן ירוק,רקיט בנקיזר (ניר איסט) בעמ,יח`,,1,24.90,24.90
4685,קולון ג`ל 4 ליטר רגיל כחול,רקיט בנקיזר (ניר איסט) בעמ,יח`,,1,34.90,34.90
4686,קולון ג`ל 4 ליטר לילך סגול,רקיט בנקיזר (ניר איסט) בעמ,יח`,,1,34.90,34.90
4687,קולון ג`ל 4 ליטר בניחוח פריחה מרענן ירוק,רקיט בנקיזר (ניר איסט) בעמ,יח`,,1,34.90,34.90
4688,איירוויק פחית ג`ל אוכמניות,רקיט בנקיזר (ניר איסט) בעמ,יח`,,1,9.90,9.90
4689,לבבות דקל שלמים במי מלח פחית 400 גר` AVE,אבאל יזמות בעמ,יח`,,1,8.90,2.23
4690,שמן זית כתית מעולה 750 מל,א.ג בחירה חכמה בעמ,יח`,,1,19.90,19.90
4691,סבון שלישייה תה ירוק 500 מל style,גורי ע.ע.ע בעמ,יח`,,1,12.90,2.58
4692,סבון שלישייה תה אדום 500 מל style,גורי ע.ע.ע בעמ,יח`,,1,12.90,2.58
4693,אטריות סויה ותרד פטוצ`יני 200 גר` gfree,גורי מוצרי צריכה (1991) בעמ,יח`,,1,11.90,5.95
4694,פרורי לחם 250 גר` gfree,גורי מוצרי צריכה (1991) בעמ,יח`,,1,14.90,5.96
4695,Gfree קורנפלקס 500 גר`,גורי מוצרי צריכה (1991) בעמ,יח`,,1,13.90,2.78
4696,דגני בוקר במילוי בטעם קרם נוגט 375 גר`,גורי מוצרי צריכה (1991) בעמ,יח`,,1,17.90,4.77
4697,שמן זית כתית מעולה 750 מל בדצ,א.ג בחירה חכמה בעמ,יח`,,1,19.90,19.90
4698,דנונה פרו 200 גר` וניל 0% שומן,שטראוס גרופ בעמ/מצונן,יח`,,1,5.90,2.95
4699,דנונה פרו 200 גר` פירות יער 0% שומן,שטראוס גרופ בעמ/מצונן,יח`,,1,5.90,2.95
4700,דנונה פרו לבן 2.9% שומן (150 גר`),שטראוס גרופ בעמ/מצונן,יח`,,1,4.90,3.27
4701,אקטימל דנונה (100x8  מל)פטל,שטראוס גרופ בעמ/מצונן,יח`,,1,21.90,2.55
4702,באגט  קראנצ`פרוסות זעתר 60  גר`עלית,שטראוס פריטו ליי בעמ,יח`,,1,4.50,7.50
4703,רבע לשבע טורטית 120 גר עלית,שטראוס גרופ בעמ,יח`,,1,12.90,10.75
4704,חטיף פרה  קראנצ`ביסקוויט קקאו 100 גר`,שטראוס גרופ בעמ,יח`,,1,6.90,6.90
4705,עוגיות קרם פסק זמן אגוזים 200 גר` עלית,שטראוס גרופ בעמ,יח`,,1,10.90,5.45
4706,מאסט קוביות מנטה עדינה 86 גר`,שטראוס גרופ בעמ,יח`,,1,13.90,16.16
4707,בזוקה פופים קלאסי 58 גר`,שטראוס גרופ בעמ,יח`,,1,9.90,9.90
4708,נשנושי מיני גזר משפחתי 280  גר`מגשית שטר,שטראוס גרופ בעמ/מצונן,יח`,,1,10.90,3.89
4709,סלט כרובית בטחינה 330 גר` אחלה,שטראוס גרופ בעמ/מצונן,יח`,,1,16.50,5
4710,שוקולית אבקת שוקו עלית,שטראוס גרופ בעמ,יח`,,1,18.50,1.98
4711,חטיף פסק זמן טראפלס עלית (45  גרם)מגדים,שטראוס גרופ בעמ,יח`,,1,4.90,10.89
4712,מרשמלו בזוקה 150 גר,שטראוס גרופ בעמ,יח`,,1,6.90,4.60
4713,מרשמלו טעם וניל 150 גר,שטראוס גרופ בעמ,יח`,,1,6.90,4.60
4714,קפה טורקי קלוי וטחון 100  גר`ברזילאי,שטראוס גרופ בעמ,יח`,,1,9.90,9.90
4715,מאסט קוביות בטעם בזוקה 86 גר`,שטראוס גרופ בעמ,יח`,,1,13.90,16.16
4716,חטיף תירס בטעם חמוץ חריף צ`יטוס (80 גרם),שטראוס פריטו ליי בעמ,יח`,,1,4.50,5.63
4717,פריכיות הטעימות קצח ודגנים 135,שטראוס גרופ בעמ,יח`,,1,12.90,9.56
4718,הפריכות הטעימות פוטטוס 135 גר`,שטראוס גרופ בעמ,יח`,,1,12.90,9.56
4719,חטיף אנרגי מאגדת אגוזים בטעם קוקוס עלית,שטראוס גרופ בעמ,יח`,,1,14.90,10.35
4720,מאסט סוכריות יוגרוט תות אוכמניות 80 גר`,שטראוס גרופ בעמ,יח`,,1,8.90,11.13
4721,דנונה פרו 21% חלבון 0,שטראוס גרופ בעמ/מצונן,יח`,,1,5.90,2.95
4722,בזוקה פופים בטעם תות 58 גר`,שטראוס גרופ בעמ,יח`,,1,9.90,9.90
4723,מאסט סוכריות פטל לימון 80 גר ללא סוכר,שטראוס גרופ בעמ,יח`,,1,8.90,11.13
4724,גמדים סקוויז בודד תות (100 גר`),שטראוס גרופ בעמ/מצונן,יח`,,1,5.90,5.90
4725,גמדים סקוויז בודד תות בננה (100 גר`),שטראוס גרופ בעמ/מצונן,יח`,,1,5.90,5.90
4726,פריכיות טעימות 3 דגנים 135 גר`,שטראוס גרופ בעמ,יח`,,1,12.90,9.56
4727,פיתה קראנצ` דגנים עלית (300 גרם),שטראוס פריטו ליי בעמ,יח`,,1,13,4.33
4728,פיתה קראנצ` בטעם איטלקי עלית (300 גרם),שטראוס פריטו ליי בעמ,יח`,,1,13,4.33
4729,פיתה קראנצ טבעי פרוסות 60  גר`עלית,שטראוס פריטו ליי בעמ,יח`,,1,4.50,7.50
4730,מסטיק מאסט צנצנת בטעם דובדבן 66 גר` מגדי,שטראוס גרופ בעמ,יח`,,1,9.90,15
4731,עוגיות קרם קפה עלית 200 גר` עלית,שטראוס גרופ בעמ,יח`,,1,10.90,5.45
4732,בוטנים 200  גר`סבבה,שטראוס פריטו ליי בעמ,יח`,,1,6.90,3.45
4733,פיתה קראנצ` טבעי עלית (300 גרם),שטראוס פריטו ליי בעמ,יח`,,1,13,4.33
4734,באגט קראנ`צ בטעם שום 300 גר` עלית,שטראוס פריטו ליי בעמ,יח`,,1,13,4.33
4735,חטיף אנרגי מאגדת אגוזים בטעם קרמל עלית,שטראוס גרופ בעמ,יח`,,1,14.90,10.35
4736,אקטיביה עם צ`יה ותות 150 גר`,שטראוס גרופ בעמ/מצונן,יח`,,1,4.50,3
4737,שוקולד ספלנדיד רובי עם שברי אגוזי לוז 9,שטראוס גרופ בעמ,יח`,,1,14.90,16.56
4738,שוקולד ספלנדידרובי עם שברי פולי קקאו 90,שטראוס גרופ בעמ,יח`,,1,14.90,16.56
4739,ספלנדיד שוקולד מרירפרו 64%,שטראוס גרופ בעמ,יח`,,1,10.90,12.11
4740,ספלנדיד שוקולד מריר אוגנדה 80%,שטראוס גרופ בעמ,יח`,,1,10.90,12.11
4741,אקטיביה יוגורט 3% דנונה (200 גרם),שטראוס גרופ בעמ/מצונן,יח`,,1,3.70,1.85
4742,אקטיביה יוגורט 3% דנונה (150x8 גרם),שטראוס גרופ בעמ/מצונן,יח`,,1,19.90,1658.33
4743,מארז שלישיית אגוז חלב (3X100 ) עלית,שטראוס גרופ בעמ,יח`,,1,24.90,8.30
4744,טבלה לאפייה שוקולד מריר 64% ( 200 גר`) ע,שטראוס גרופ בעמ,יח`,,1,14.90,7.45
4745,טבלה לאפייה שוקולד חלב ג`אנדויה 200 גר`,שטראוס גרופ בעמ,יח`,,1,14.90,7.45
4746,צנצנת מאסט קוביות בטעם קולה 58 גר` עלית,שטראוס גרופ בעמ,יח`,,1,9.90,17.07
4747,סימפוניה בצל מקורמל 5% שטראוס,שטראוס גרופ בעמ/מצונן,יח`,,1,11.40,5.70
4748,תפוצ`יפס מקלות טבעי 200 גרם כשלפ,שטראוס פריטו ליי בעמ,יח`,,1,10.90,5.45
4749,קפה אינטנס 10% פלטינום,שטראוס גרופ בעמ,יח`,,1,19.90,15.92
4750,שוקו בקבוק 350  גר`יטבתה,שטראוס גרופ בעמ/מצונן,יח`,,1,6.50,1.86
4751,מיני עוגת שוקולד עשירה 240 גר` עלית,שטראוס גרופ בעמ,יח`,,1,17.90,7.46
4752,רביולי גבינה 400 גר` kids שטראוס,שטראוס גרופ בעמ/מצונן,יח`,,1,20.90,5.23
4753,מילקי קרם אגוזים 133 גרם שטראוס,שטראוס גרופ בעמ/מצונן,יח`,,1,2.70,2.03
4754,מילקי קרם קרמל 133 גרם שטראוס,שטראוס גרופ בעמ/מצונן,יח`,,1,2.70,2.03
4755,מעדן מוס שוקולד בלונדי 133  גר`מילקי,שטראוס גרופ בעמ/מצונן,יח`,,1,3.30,2.48
4756,מילקי מתוק מלוח טופ בייגלה,שטראוס גרופ בעמ/מצונן,יח`,,1,4.60,3.31
4757,מעדן חלב עם שוקולד מעושר בחלבון שטראוס,שטראוס גרופ בעמ/מצונן,יח`,,1,4.90,3.77
4758,אקטיביה עם שכבת תות 150 גר`,שטראוס גרופ בעמ/מצונן,יח`,,1,4.50,3
4759,דנונה בר עם תוספת שוקולד צבעוני,שטראוס גרופ בעמ/מצונן,יח`,,1,4.40,2.54
4760,דנונה יווני עם שכבות תות 5.8% שטראוס,שטראוס גרופ בעמ/מצונן,יח`,,1,3.30,2.54
4761,דנונה לשתיה פירות יער,שטראוס גרופ בעמ/מצונן,יח`,,1,4.90,1.84
4762,דנונה לשתיה מנגו ואפרסק,שטראוס גרופ בעמ/מצונן,יח`,,1,4.90,1.84
4763,דנונה פרו 15 גרם עם פירות יער שטראוס,שטראוס גרופ בעמ/מצונן,יח`,,1,5.90,2.88
4764,דנונה פרו 10 קרם קוקוס 150 גרם-שטראוס,שטראוס גרופ בעמ/מצונן,יח`,,1,4.60,3.07
4765,דנונה פרו 15 גרם עם אפרסק שטראוס,שטראוס גרופ בעמ/מצונן,יח`,,1,5.90,2.88
4766,גמדים ארוחת בוקר תות סקוויז 100 גר,שטראוס גרופ בעמ/מצונן,יח`,,1,5.90,5.90
4767,קפה נמס עלית (200 גרם)+קופסאת אחסון כשל,שטראוס גרופ בעמ,יח`,,1,19.90,9.95
4768,טחינה במרקם עשיר 400 גרם אחלה,שטראוס גרופ בעמ/מצונן,יח`,,1,16.50,4.13
4769,שוקולד פרה לבן רבנות 100  גר`עלית,שטראוס גרופ בעמ,יח`,,1,4.90,4.90
4770,קפה טורקי עלית 200גר`+20% תוספת,שטראוס גרופ בעמ,יח`,,1,15.90,6.63
4771,גמדים ארוחת בוקר וניל סקוויז 100 גר,שטראוס גרופ בעמ/מצונן,יח`,,1,5.90,5.90
4772,מחית עגבניות חלקה 350 גר` פסאטה,שטראוס גרופ בעמ,יח`,,1,7.90,2.26
4773,רוטב עגבניות פיקנטי לפסטה 350 גר` ארביאט,שטראוס גרופ בעמ,יח`,,1,10.90,3.11
4774,מסטיק קוביות בטעם פירות טרופיים 58 גרם,שטראוס גרופ בעמ,יח`,,1,9.90,17.07
4775,צלחות מרק טופ סטאר 25 יח,פאלאס תעשיות נטו (2014) בעמ,יח`,,1,4.90,4.90
4776,צלחות לפתן טופ סטאר) (25,פאלאס תעשיות נטו (2014) בעמ,יח`,,1,2.50,2.50
4777,תבנית אלומיניום בינונית 31R +מכסה 5יח פ,פאלאס תעשיות נטו (2014) בעמ,יח`,,1,9.90,9.90
4778,כוסות מעוטרות לפיד) (50,פאלאס תעשיות נטו (2014) בעמ,יח`,,1,12.90,12.90
4779,קערה לסלט שקופה פאלאס 10 יח,פאלאס תעשיות נטו (2014) בעמ,יח`,,1,9.90,9.90
4780,צלחת גדולה לבנה 50 יח לפיד,פאלאס תעשיות נטו (2014) בעמ,יח`,,1,6.90,6.90
4781,צלחת קטנה שחורה פרח 20 יח לפיד,פאלאס תעשיות נטו (2014) בעמ,יח`,,1,9.90,9.90
4782,צלחת גדולה שחורה פרח 20 יח לפיד,פאלאס תעשיות נטו (2014) בעמ,יח`,,1,12.90,12.90
4783,צלחת קטנה קרם פרח 20 יח לפיד,פאלאס תעשיות נטו (2014) בעמ,יח`,,1,9.90,9.90
4784,צלחת גדולה קרם פרח 20 יח לפיד,פאלאס תעשיות נטו (2014) בעמ,יח`,,1,12.90,12.90
4785,מאגדת כיפלי בצל 4*36 גר` תלמה,יוניליוור ישראל שיווק בעמ,יח`,,1,9.90,6.88
4786,מרק נמס בכוס עגבניות קנור (2*28),יוניליוור ישראל שיווק בעמ,יח`,,1,6.90,12.32
4787,מרק נמס בכוס טעם עוף קנור(2*24 גר` ),יוניליוור ישראל שיווק בעמ,יח`,,1,6.90,14.38
4788,חרדל דיז`ון צרפתי 350 גר` הלמנס,יוניליוור ישראל שיווק בעמ,יח`,,1,12.90,3.69
4789,חרדל צרפתי עם גרגרים שלמים 350 גר` הלמנס,יוניליוור ישראל שיווק בעמ,יח`,,1,12.90,3.69
4790,קונפיטורת תות שדה 788 (340 גר` ),יוניליוור ישראל שיווק בעמ,יח`,,1,13.90,4.09
4791,קונפיטורת משמשים 788 ( 340 גר` ),יוניליוור ישראל שיווק בעמ,יח`,,1,13.90,4.09
4792,קונפיטורת שזיפים 788 ( 340 גר` ),יוניליוור ישראל שיווק בעמ,יח`,,1,13.90,4.09
4793,מרק עשיר פטריות עם גריסים קנור רכיבים טב,יוניליוור ישראל שיווק בעמ,יח`,,1,12.90,12.40
4794,בדין תרסיס למייבש כביסה בייבי 500 מל,יוניליוור ישראל שיווק בעמ,יח`,,1,19.90,3.98
4795,רוטב צ`ילי חריף קנור (370מל),יוניליוור ישראל שיווק בעמ,יח`,,1,12.90,3.49
4796,נוזל לניקוי רצפות וכללי בניחוח מרכך כביס,יוניליוור ישראל שיווק בעמ,יח`,,1,16.90,16.90
4797,שוקולד מריר פרווה ורד הגליל (100x6 גרם),יוניליוור ישראל שיווק בעמ,יח`,,1,22.90,3.82
4798,בייגלה דקים דקים שמנת בצל 300 גר`,יוניליוור ישראל שיווק בעמ,יח`,,1,10.90,3.63
4799,פריכיות כוסמת דקות עם ציה ואורגנו 25 גר`,יוניליוור ישראל שיווק בעמ,יח`,,1,3.90,15.60
4800,פריכיות תירס דקות עם קינואה ובזיליקום 25,יוניליוור ישראל שיווק בעמ,יח`,,1,3.90,15.60
4801,מאגדת פריכיות תירס דקות עם תירס מלא,יוניליוור ישראל שיווק בעמ,יח`,,1,10.90,10.90
4802,פריכיות תירס דקות עם תירס מלא 25 גר`,יוניליוור ישראל שיווק בעמ,יח`,,1,3.90,15.60
4803,פריכיות כוסמת דקות עם ציה 19 גר`,יוניליוור ישראל שיווק בעמ,יח`,,1,3.90,20.53
4804,שמפו פינוק שיער רגיל 700 מל,יוניליוור ישראל שיווק בעמ,יח`,,1,12.90,1.84
4805,שמפו לשיער יבש פינוק (700 מל),יוניליוור ישראל שיווק בעמ,יח`,,1,12.90,1.84
4806,שמפו פינוק 2ב (7001 מל),יוניליוור ישראל שיווק בעמ,יח`,,1,12.90,1.84
4807,שמפו פינוק שמן מרוקאי (700 מל),יוניליוור ישראל שיווק בעמ,יח`,,1,12.90,1.84
4808,שמפו פינוק שמן קוקוס (700 מל),יוניליוור ישראל שיווק בעמ,יח`,,1,12.90,1.84
4809,מרכך פינוק לשיער רגיל (700 מל),יוניליוור ישראל שיווק בעמ,יח`,,1,12.90,1.84
4810,פינוק תחליב רחצה בתוספת שמן מרוקאי 700,יוניליוור ישראל שיווק בעמ,יח`,,1,12.90,1.84
4811,תחליב רחצה בשמן קוקוס (700  מל)פינוק,יוניליוור ישראל שיווק בעמ,יח`,,1,12.90,1.84
4812,אבקת מרק בצל 400 גר` כשלפ,יוניליוור ישראל שיווק בעמ,יח`,,1,27.90,6.98
4813,אבקת מרק טעם עוף 400 גר` קנור,יוניליוור ישראל שיווק בעמ,יח`,,1,15.90,3.98
4814,נמס בכוס טעם עוף עם אטריות וקרטונים קנור,יוניליוור ישראל שיווק בעמ,יח`,,1,4.90,8.45
4815,מרק היום עדשים כתומות 100% רכיבים טביעיי,יוניליוור ישראל שיווק בעמ,יח`,,1,12.90,15.18
4816,נמס בכוס עגבניות חריף 100% רכיבים טביעי,יוניליוור ישראל שיווק בעמ,יח`,,1,6.90,14.38
4817,אקטיב שוקולד חלב 350 גר` תלמה,יוניליוור ישראל שיווק בעמ,יח`,,1,19.90,5.69
4818,אקטיב צימוקים ושקדים 350 גר` תלמה,יוניליוור ישראל שיווק בעמ,יח`,,1,19.90,5.69
4819,נמס בכוס ירקות 100% רכיבים טביעיים קנור,יוניליוור ישראל שיווק בעמ,יח`,,1,6.90,15.68
4820,חטיף אפוי דג דג (400 גרם) בייגל בייגל,יוניליוור ישראל שיווק בעמ,יח`,,1,13.90,3.48
4821,שטראוס קרמיסימו בטעם ריבת חלב,גלידות שטראוס בעמ,יח`,,1,18.90,14.21
4822,שטראוס קרמיסימו וניל צרפתי,גלידות שטראוס בעמ,יח`,,1,18.90,14.21
4823,שטראוס קרמיסימו וניל ומסטיק,גלידות שטראוס בעמ,יח`,,1,18.90,14.21
4824,מאגדת כיפלי גריל 4*36 גר` תלמה,יוניליוור ישראל שיווק בעמ,יח`,,1,9.90,6.88
4825,מיונז תלמה מופחת שומן (500 גרם),יוניליוור ישראל שיווק בעמ,יח`,,1,9.90,1.98
4826,חטיף חלבון טו גו קוקוס 200 גר,יוניליוור ישראל שיווק בעמ,יח`,,1,21.90,10.95
4827,חטיף ביסקויט שוקולד חלב קליק (65 גרם),יוניליוור ישראל שיווק בעמ,יח`,,1,5.90,9.08
4828,חטיף כדורים שוקולד חלב קליק (65 גרם),יוניליוור ישראל שיווק בעמ,יח`,,1,5.90,9.08
4829,חטיף קליק כריות צוקולטה 65 גר`,יוניליוור ישראל שיווק בעמ,יח`,,1,5.90,9.08
4830,חטיף קליק כריות 65 גר`,יוניליוור ישראל שיווק בעמ,יח`,,1,5.90,9.08
4831,חטיף כדורים מעורב חום לבו 65 גר` קליק,יוניליוור ישראל שיווק בעמ,יח`,,1,5.90,9.08
4832,קליק שקיות עוגי 65 גר`,יוניליוור ישראל שיווק בעמ,יח`,,1,5.90,7.87
4833,חטיף קליק קורנפלקס 65 גר`,יוניליוור ישראל שיווק בעמ,יח`,,1,5.90,9.08
4834,קורנפלקס של אלופים תלמה (850 גרם)רבנות,יוניליוור ישראל שיווק בעמ,יח`,,1,18.90,2.22
4835,קורנפלקס של אלופים תלמה (850 גרם).בדצ,יוניליוור ישראל שיווק בעמ,יח`,,1,18.90,2.22
4836,כריות בטעם עוגיות 686  גר`תלמה,יוניליוור ישראל שיווק בעמ,יח`,,1,29.90,4.36
4837,ג`ל כביסה לבנה וצבעונית בניחוח בדין כחול,יוניליוור ישראל שיווק בעמ,יח`,,1,29.90,29.90
4838,ג`ל כביסה לבנה וצבעונית בייבי 2.5 קג,יוניליוור ישראל שיווק בעמ,יח`,,1,29.90,29.90
4839,רוטב לימון עם שמן זית ועשבי תיבול 330 גר,יוניליוור ישראל שיווק בעמ,יח`,,1,12.90,3.91
4840,כריות וניל 686 גר` תלמה,יוניליוור ישראל שיווק בעמ,יח`,,1,29.90,4.36
4841,כריות נוגט 686 גר` תלמה,יוניליוור ישראל שיווק בעמ,יח`,,1,24.90,3.63
4842,כריות צ`וקולדה תלמה (686 גר` ),יוניליוור ישראל שיווק בעמ,יח`,,1,29.90,4.36
4843,קוקומן כדורים 375 גר` תלמה,יוניליוור ישראל שיווק בעמ,יח`,,1,21.90,5.84
4844,דגני בוקר בטעם טופי קרמל 375 גר` פרוזן,יוניליוור ישראל שיווק בעמ,יח`,,1,21.90,5.84
4845,נישנושים תפוא שמנת בצל 260 גר`,יוניליוור ישראל שיווק בעמ,יח`,,1,12.90,4.96
4846,נישנושים זעתר 260 גר`,יוניליוור ישראל שיווק בעמ,יח`,,1,12.90,4.96
4847,נשנושי קרקר עיגולים מלוחים 300 גר`,יוניליוור ישראל שיווק בעמ,יח`,,1,12.90,4.30
4848,קורנפלקס דבש 448 גר` תלמה,יוניליוור ישראל שיווק בעמ,יח`,,1,16.90,3.49
4849,קורנפלקס וניל 415  גר`תלמה,יוניליוור ישראל שיווק בעמ,יח`,,1,19.90,4.80
4850,קורנפלקס מייפל 448  גר`תלמה,יוניליוור ישראל שיווק בעמ,יח`,,1,16.90,3.77
4851,ברנפלקס ריבועי קינמון תלמה (400 גרם),יוניליוור ישראל שיווק בעמ,יח`,,1,22.90,5.73
4852,בייגלה שבלולים עם מלח 270 גר` בייגל בייג,יוניליוור ישראל שיווק בעמ,יח`,,1,10.90,4.04
4853,דליפקאן תוספת אגוזי פקאן ושקדים תלמה (40,יוניליוור ישראל שיווק בעמ,יח`,,1,22.90,5.73
4854,קורנפלקס ללא גלוטן תלמה 500 גרם,יוניליוור ישראל שיווק בעמ,יח`,,1,15.90,3.18
4855,שוגי ללא גלוטן 375 גר`,יוניליוור ישראל שיווק בעמ,יח`,,1,24.90,6.64
4856,שמינחןת גדולות ללא מלח 400 גר בייגל בייג,יוניליוור ישראל שיווק בעמ,יח`,,1,12.90,3.23
4857,קרקר חיטה מלאה עם פשתן 300 גרם,יוניליוור ישראל שיווק בעמ,יח`,,1,8.90,2.97
4858,רוטב צ`ילי מתוק 340 מל ( 70% מופחת סוכר),יוניליוור ישראל שיווק בעמ,יח`,,1,12.90,3.79
4859,רוטב לסלט אלף האיים הלמנס (305 מל),יוניליוור ישראל שיווק בעמ,יח`,,1,12.90,4.23
4860,רוטב לסלט אלף האיים לייט הלמנס (305 מל),יוניליוור ישראל שיווק בעמ,יח`,,1,12.90,4.23
4861,רוטב לסלט שום (300 גרם) הלמנס,יוניליוור ישראל שיווק בעמ,יח`,,1,12.90,4.30
4862,רוטב שום לייט 300 גר הלמנס,יוניליוור ישראל שיווק בעמ,יח`,,1,12.90,4.30
4863,רוטב לסלט חרדל ודבש הלמנס (305 מל),יוניליוור ישראל שיווק בעמ,יח`,,1,12.90,4.23
4864,רוטב לסלט חרדל ודבש לייט (305  גרם)הלמנס,יוניליוור ישראל שיווק בעמ,יח`,,1,12.90,4.23
4865,מרק דגש טעם עוף קנור (1 קג) כשר לפסח,יוניליוור ישראל שיווק בעמ,יח`,,1,17.90,1.79
4866,טריאקי הפחתה של 50% סוכר ונתרן,יוניליוור ישראל שיווק בעמ,יח`,,1,12.90,3.79
4867,מאגדת-מיני מגנום לבן שקדים מובחרים,גלידות שטראוס בעמ,יח`,,1,32.90,13.16
4868,קרמיסימו גלידונית 60 יח` בטעם קפה מצופה,גלידות שטראוס בעמ,יח`,,1,47.90,7.60
4869,מאגדת לייט וניל עוגיות  עד( 99  קלוריות),גלידות שטראוס בעמ,יח`,,1,30.90,9.04
4870,מאגדת-מיני מגנום דואט שוקולד עם נוגט,גלידות שטראוס בעמ,יח`,,1,27.90,27.90
4871,מאגדת-מיני מגנום קלאסיק שוקולד,גלידות שטראוס בעמ,יח`,,1,32.90,32.90
4872,נתחי בקר צמוחניים 470 גר` טבעול,קבוצת אסם סחר שות. מוגבלת,יח`,,1,32.90,7
4873,בייגלה כפיות פיזור איטלקי 300 גר` אסם,קבוצת אסם סחר שות. מוגבלת,יח`,,1,9.90,3.30
4874,חטיפי פריכיות דקות קינמון 60  גר`פיטנס,קבוצת אסם סחר שות. מוגבלת,יח`,,1,8.90,14.83
4875,חטיפי פריכיות דקות מתובלות 60  גר`פיטנס,קבוצת אסם סחר שות. מוגבלת,יח`,,1,8.90,14.83
4876,עוגיות שוקוצ`יפס קרם אגוזים (220 גר`) אס,קבוצת אסם סחר שות. מוגבלת,יח`,,1,11.90,5.41
4877,חציל בטעם כבד מלך הסלטים 400 גר` צבר,קבוצת אסם סחר שות. מוגבלת,יח`,,1,15.90,3.98
4878,לביבות בטטה 500 גר` טבעול,קבוצת אסם סחר שות. מוגבלת,יח`,,1,32.90,6.58
4879,שווארמה טבעונית 450 גר` טבעול,קבוצת אסם סחר שות. מוגבלת,יח`,,1,32.90,7.31
4880,שניצל כרובית 99 קלוריות טבעול 500 גר`,קבוצת אסם סחר שות. מוגבלת,יח`,,1,32.90,6.58
4881,מרק טעם עוף 800  גר`אסם,קבוצת אסם סחר שות. מוגבלת,יח`,,1,9.90,1.24
4882,טבעול-שניצל מן הצומח עם חלבון 664 גר`,קבוצת אסם סחר שות. מוגבלת,יח`,,1,24.90,3.75
4883,רוטב צ`לי מתוק מוחפת נתרן וסוכר 290 מל,קבוצת אסם סחר שות. מוגבלת,יח`,,1,12.90,12.90
4884,חטיפי קרקר דק כפרי 150 פיטנס,קבוצת אסם סחר שות. מוגבלת,יח`,,1,11.90,7.93
4885,חטיפי קרקר דק רוזמרין 140 גר` פיטנס,קבוצת אסם סחר שות. מוגבלת,יח`,,1,11.90,8.50
4886,חטיפי רולים 200 גר` דוגלי,קבוצת אסם סחר שות. מוגבלת,יח`,,1,17.90,8.95
4887,חטיפי לבבות 200 גר` דוגלי,קבוצת אסם סחר שות. מוגבלת,יח`,,1,17.90,8.95
4888,פסטה קונכיות פתיתים 400 גר` אסם,קבוצת אסם סחר שות. מוגבלת,יח`,,1,8.90,2.23
4889,פסטה קונכיות פתיתים תרד 400 גר` אסם,קבוצת אסם סחר שות. מוגבלת,יח`,,1,8.90,2.23
4890,רוטב אלף האיים לסלט ( 290 גר`) אסם,קבוצת אסם סחר שות. מוגבלת,יח`,,1,11.90,4.10
4891,רוטב אלף האיים לסלט אסם (600 מל),קבוצת אסם סחר שות. מוגבלת,יח`,,1,17.90,2.98
4892,רוטב אלף האיים לייט לסלט אסם (295 מל),קבוצת אסם סחר שות. מוגבלת,יח`,,1,11.90,4.03
4893,רוטב בנוסח סצואן 290 מל אסם,קבוצת אסם סחר שות. מוגבלת,יח`,,1,14.90,5.14
4894,המבורגר טבעוני 580  גר`טבעול,קבוצת אסם סחר שות. מוגבלת,יח`,,1,32.90,6.53
4895,מנה חמה פסטה ברוטב פטריות מוקרם 64  גר`א,קבוצת אסם סחר שות. מוגבלת,יח`,,1,6.90,10.78
4896,מנה חמה פסטה ברוטב עגבניות מוקרם 66 גר`,קבוצת אסם סחר שות. מוגבלת,יח`,,1,6.90,10.45
4897,מרק נמס סוף זוג טעם עוף 38  גר`אסם,קבוצת אסם סחר שות. מוגבלת,יח`,,1,6.90,18.16
4898,קציצת קינואה וברוקולי 525  גר`טבעול,קבוצת אסם סחר שות. מוגבלת,יח`,,1,32.90,6.27
4899,סירופ ענבים ויטמינצ`יק 50% פוחת סוכר 500,קבוצת אסם סחר שות. מוגבלת,יח`,,1,14.90,2.98
4900,סירופ פטל ויטמינצ`יק 50% פוחת סוכר 500 מ,קבוצת אסם סחר שות. מוגבלת,יח`,,1,14.90,2.98
4901,קטשופ פיצה 710  גר`אסם,קבוצת אסם סחר שות. מוגבלת,יח`,,1,10.90,1.54
4902,פסטה קסרצה 500 גר` פרפקטו אסם,קבוצת אסם סחר שות. מוגבלת,יח`,,1,6.90,1.38
4903,חטיפי קרקר במליחות מעודנת 300  גר`אסם,קבוצת אסם סחר שות. מוגבלת,יח`,,1,11.90,3.97
4904,קרם קרקר במליחות מעודנת 250 גר` אסם,קבוצת אסם סחר שות. מוגבלת,יח`,,1,9.90,3.96
4905,בייגלה כפיות כפרי טוגו 60  גר`אסם,קבוצת אסם סחר שות. מוגבלת,יח`,,1,2.90,4.83
4906,קרמוגית שוקו במילוי קרם בננה 200 גר` אסם,קבוצת אסם סחר שות. מוגבלת,יח`,,1,11.90,5.95
4907,קוקטייל זיתים בית השיטה (336 גרם),קבוצת אסם סחר שות. מוגבלת,יח`,,1,11.90,3.54
4908,טחינה עשבי תיבול ונענע 350 גר` צבר,קבוצת אסם סחר שות. מוגבלת,יח`,,1,14.90,4.26
4909,טחינה בלאדי פלפלים חריפים 350 גר` צבר,קבוצת אסם סחר שות. מוגבלת,יח`,,1,14.90,4.26
4910,טחינה בלאדי עם חציל קלוי 350 גר` צבר,קבוצת אסם סחר שות. מוגבלת,יח`,,1,14.90,4.26
4911,פודינג בטעם שוקולד מריר 90 גר` אסם,קבוצת אסם סחר שות. מוגבלת,יח`,,1,5.90,6.56
4912,בייגלה שמיניות ללא גלוטן 250  גר`אסם,קבוצת אסם סחר שות. מוגבלת,יח`,,1,13.90,5.56
4913,חטיפי תירס 440 גר` כשר לפסח טבעול,קבוצת אסם סחר שות. מוגבלת,יח`,,1,32.90,7.48
4914,רוטב סויה קלאסי מופחת נתרן (290 מל) אסם,קבוצת אסם סחר שות. מוגבלת,יח`,,1,14.90,5.14
4915,פרפקטו פסטה נוציאולה 500 גר` אסם,קבוצת אסם סחר שות. מוגבלת,יח`,,1,6.90,1.38
4916,במבה תינוקת אסם (80 גרם),קבוצת אסם סחר שות. מוגבלת,יח`,,1,4.30,5.38
4917,חטיף פופקו ים מארז כשר לפסח 20גר`*8 אסם,קבוצת אסם סחר שות. מוגבלת,יח`,,1,13.90,17.38
4918,סלט תפוח אדמה ובצלים 220 גר צבר,קבוצת אסם סחר שות. מוגבלת,יח`,,1,10.90,4.95
4919,סלט חצילים ופלפלים 220 גר` צבר,קבוצת אסם סחר שות. מוגבלת,יח`,,1,10.90,4.95
4920,סלט מטבוחה חריפה 220 גר` צבר,קבוצת אסם סחר שות. מוגבלת,יח`,,1,10.90,4.95
4921,חומוס תבלינים 400 גר` צבר,קבוצת אסם סחר שות. מוגבלת,יח`,,1,12.90,3.23
4922,סלט כרוב אדום 250 גר` צבר,קבוצת אסם סחר שות. מוגבלת,יח`,,1,9.90,3.96
4923,סלט חומוס סמיר 250 גר` צבר,קבוצת אסם סחר שות. מוגבלת,יח`,,1,9.90,3.96
4924,זיתים ירוקים שלמים בינוניים 560  גר`בית,קבוצת אסם סחר שות. מוגבלת,יח`,,1,7.90,1.41
4925,זיתים יורקים שלמים גדולים 340 גר`,קבוצת אסם סחר שות. מוגבלת,יח`,,1,9.90,2.91
4926,זיתים חרוזית ירוק A2 בית השיטה,קבוצת אסם סחר שות. מוגבלת,יח`,,1,9.90,1.77
4927,זיתים ירוקים טבעות (560  גרם)בית השיטה.,קבוצת אסם סחר שות. מוגבלת,יח`,,1,9.90,1.77
4928,זיתים סורי מבוקע A2 בית השיטה,קבוצת אסם סחר שות. מוגבלת,יח`,,1,11.90,2.13
4929,פלפל שיפקונית 230  גר`בית השיטה,קבוצת אסם סחר שות. מוגבלת,יח`,,1,9.90,2.91
4930,קוקטייל זיתים 275  גר`בית השיטה,קבוצת אסם סחר שות. מוגבלת,יח`,,1,10.90,3.96
4931,חרוזית קלמטה 275  גר`בית השיטה,קבוצת אסם סחר שות. מוגבלת,יח`,,1,10.90,3.96
4932,ירקות מעורבים 500 גר`,קונסיגנציה דין שיווק וקליה בעמ,יח`,,1,19.90,19.90
4933,שליישית ביצי שוקולד-הלו  קיטי,שמחה זה אנחנו בעמ,יח`,,1,12.90,21.50
4934,שולחן פלסטיק לבן 1.80 מתקפל,פיקס יבוא (ש.ע.) בעמ,יח`,,1,129.90,129.90
4935,פוף טבעות בצל 50 גר` כשר לפסח,ש.שסטוביץ בעמ,יח`,,1,3.90,7.80
4936,חטיף תפוח אדמה עם ירקות 25  גר`free,ש.שסטוביץ בעמ,יח`,,1,5.90,23.60
4937,ג`ייקבוס מארז קפה נמס 200 גר` +קפה שחור,דיפלומט היינץ,יח`,,1,26.90,9.44
4938,טורטיה 360 גר AVEL,אבאל יזמות בעמ,יח`,,1,8.90,2.47
4939,עלי גפן ממולאים באורז אבאל (400 גרם),אבאל יזמות בעמ,יח`,,1,6.90,1.73
4940,וודקה אבסולוט 700 מל,טמפו פרנו,יח`,,1,64.90,64.90
4941,ג`ומקס נקטר 500 מל קוקוס אננס,טמפו משקאות בעמ,יח`,,1,8.20,1.58
4942,ג`ומקס נקטר מנגו,טמפו משקאות בעמ,יח`,,1,6.90,6.90
4943,ג`ומקס נקטר אפרס,טמפו משקאות בעמ,יח`,,1,6.90,6.90
4944,ג`ומקס משקה קוקו,טמפו משקאות בעמ,יח`,,1,6.90,6.90
4945,ג`ומקס נקטר אננס 473 מל,טמפו משקאות בעמ,יח`,,1,6.90,6.90
4946,יוניקו פרסקו משק,טמפו משקאות בעמ,יח`,,1,7.90,7.90
4947,יוניקו פרסקו משק,טמפו משקאות בעמ,יח`,,1,7.90,7.90
4948,נקטר מנגו קרטונית ליטר גו`מקס,טמפו משקאות בעמ,יח`,,1,7.90,7.90
4949,משקה תפוחים קרטונית ליטר גו`מקס,טמפו משקאות בעמ,יח`,,1,7.90,7.90
4950,משקה קוקוס אננס קרטונית ליטר גו`מקס,טמפו משקאות בעמ,יח`,,1,7.90,7.90
4951,משקה רימונים קרטונית ליטר יונקו פרסקו,טמפו משקאות בעמ,יח`,,1,9.90,9.90
4952,משקה חמוציות קרטונית ליטר יוניקו פרסקו,טמפו משקאות בעמ,יח`,,1,9.90,9.90
4953,בירה אקסטרה קורונה (355x6 מל) בקבוק,תימקו בירה בעמ,יח`,,1,34.90,15.54
4954,טבלת רגוסה בלונד 100 גר`,טסה שוקולד בעמ,יח`,,1,15.90,15.90
4955,טבלת רגוסה קלאסי 100 גר`,טסה שוקולד בעמ,יח`,,1,15.90,15.90
4956,מיזלי קראנצ`י 500 גר`,דנשר (1963) בעמ,יח`,,1,26.90,5.38
4957,מיזלי פרוט אייס 500 גר`,דנשר (1963) בעמ,יח`,,1,26.90,5.38
4958,מיזלי שוקו איקס 500 גר`,דנשר (1963) בעמ,יח`,,1,21.90,4.38
4959,לינדור לבן לינדט (100 גרם),משה סידס ובנו בעמ,יח`,,1,15.90,15.90
4960,לינדט לינדור טבלאה קוביות במילוי קרם שוק,משה סידס ובנו בעמ,יח`,,1,15.90,15.90
4961,אקסלנס שוקולד צ`ילי לינדט (100 גרם),משה סידס ובנו בעמ,יח`,,1,15.90,15.90
4962,לינדט לה גרנד שוקולד מריר אגוז 150 גרם,משה סידס ובנו בעמ,יח`,,1,23.90,15.93
4963,לינדט לגרנד ד.אלמונד סולט 150 גרם,משה סידס ובנו בעמ,יח`,,1,23.90,15.93
4964,לינדט לה גרנד רספ קרנ 150 גר`,משה סידס ובנו בעמ,יח`,,1,23.90,15.93
4965,לינדט לה גרנד בלו קרנ 150 גר`,משה סידס ובנו בעמ,יח`,,1,23.90,15.93
4966,טריקס נסטלה (480 גרם),קבוצת אסם סחר שות. מוגבלת,יח`,,1,26.90,5.60
4967,פיטנס מוגדל 625  גר`דגני בוקר,קבוצת אסם סחר שות. מוגבלת,יח`,,1,32.90,5.26
4968,פיטנס שוקולד נסטלה (375 גרם),קבוצת אסם סחר שות. מוגבלת,יח`,,1,19.90,5.31
4969,מחית תפוחי עץ שלב 3 מטרנה (190 גרם),קבוצת אסם סחר שות. מוגבלת,יח`,,1,6.90,3.63
4970,מולטי צ`יריוס נסטלה (565 גרם),קבוצת אסם סחר שות. מוגבלת,יח`,,1,23.90,4.23
4971,סמרטיס 90  גר`נסטלה,ליימן שליסל בעמ,יח`,,1,14.90,16.56
4972,סמרטיס מיני 187 גר`,ליימן שליסל בעמ,יח`,,1,14.90,7.97
4973,דגני בוקר גולדן מיניס נסטלה (570 גרם),קבוצת אסם סחר שות. מוגבלת,יח`,,1,26.90,4.72
4974,רוטב עגבניות עם פלפלים פרפקטו,קבוצת אסם סחר שות. מוגבלת,יח`,,1,9.90,2.48
4975,פייבר וואן 460 גר`,קבוצת אסם סחר שות. מוגבלת,יח`,,1,22.90,4.98
4976,דוגלי גורים 3 קג `,קבוצת אסם סחר שות. מוגבלת,יח`,,1,49.90,16.63
4977,פיטנס יוגורט 350 גר` נסטלה,קבוצת אסם סחר שות. מוגבלת,יח`,,1,19.90,5.69
4978,דגני בוקר שוקולד קרמל 480 גר` ליון,קבוצת אסם סחר שות. מוגבלת,יח`,,1,26.90,5.60
4979,קראנץ` מקס 410 דגני בוקר,קבוצת אסם סחר שות. מוגבלת,יח`,,1,26.90,6.56
4980,נס קפה דולצה אספרס 16 קפסולות,קבוצת אסם סחר שות. מוגבלת,יח`,,1,28,21.88
4981,מחית בננה תפוח עץ דגנים מלאים 190 גרבר,קבוצת אסם סחר שות. מוגבלת,יח`,,1,6.90,3.63
4982,מחית תפוח עץ ובננה 190 גר` גרבר,קבוצת אסם סחר שות. מוגבלת,יח`,,1,6.90,3.63
4983,מחית סלט פירות 190 גר` גרבר כשר לפסח,קבוצת אסם סחר שות. מוגבלת,יח`,,1,6.90,3.63
4984,מחית תפוח עץ ובננה 190 גר` גרבר כשר לפסח,קבוצת אסם סחר שות. מוגבלת,יח`,,1,6.90,3.63
4985,מארז דגני בוקר ניסטלה מיקס שישייה,קבוצת אסם סחר שות. מוגבלת,יח`,,1,16.90,16.90
4986,פיטנס שקדים ודבש (355 גרם) נסטלה,קבוצת אסם סחר שות. מוגבלת,יח`,,1,19.90,5.61
4987,פיטנס שקדים ודבש 585 גר נסטלה,קבוצת אסם סחר שות. מוגבלת,יח`,,1,31.90,5.45
4988,צ`יריוס האני נאט מופחת סוכר 410 גר`,קבוצת אסם סחר שות. מוגבלת,יח`,,1,20.90,5.10
4989,דגני קראנץ` שוקולד מופחת 410 גר`,קבוצת אסם סחר שות. מוגבלת,יח`,,1,23.90,5.83
4990,אוראו וניל 176 גר`,דיפלומט היינץ,יח`,,1,8.90,5.06
4991,שוקולד חלב עם קרמל מילקה (100 גרם),דיפלומט היינץ,יח`,,1,5.90,5.90
4992,גבנת פילדלפיה שמנת 150 גר` (27% שומן),נטו מלינדה סחר בעמ,יח`,,1,13.90,9.27
4993,שוקולד חלב דיים מילקה (100 גרם),דיפלומט היינץ,יח`,,1,5.90,5.90
4994,עוגיות אוראו עם דאבל קרם וניל 170גרם,דיפלומט היינץ,יח`,,1,9.90,5.82
4995,שוקולד חלב עם עדשים 100 גר` מילקה,דיפלומט היינץ,יח`,,1,5.90,5.90
4996,מילקה סנסייטן 156 גר`,דיפלומט היינץ,יח`,,1,12.90,8.27
4997,מילקה ביסקויט טנדר ברייק 156 גר`,דיפלומט היינץ,יח`,,1,12.90,8.27
4998,שוקולד חלב בוטנים קרמל 90 גר` מילקה,דיפלומט היינץ,יח`,,1,5.90,5.90
4999,וופל במילוי קרם קקאו מילקה (150 גרם),דיפלומט היינץ,יח`,,1,13.90,9.27
5000,מילקה ביסקויט מצופה שוקולד 150 גר`,דיפלומט היינץ,יח`,,1,12.90,8.60
5001,עוגיות מילקה גריינס שיבולת שועל,דיפלומט היינץ,יח`,,1,12.90,7.68
5002,עוגיות שוקולד צ`יפס מילקה (168 גרם),דיפלומט היינץ,יח`,,1,12.90,7.68
5003,אוראו פאדג שוקולד לבן 246גר,דיפלומט היינץ,יח`,,1,19.90,8.09
5004,עוגיות אוראו בציפוי שוקולד חלבי 246 גרם,דיפלומט היינץ,יח`,,1,19.90,8.09
5005,שוקולד עם אקסטרה קקאו מילקה (100 גרם),דיפלומט היינץ,יח`,,1,5.90,5.90
5006,שוקולד חלב עם יוגורט תות מילקה (100 גרם),דיפלומט היינץ,יח`,,1,5.90,5.90
5007,ביסקוויט מצופה שוקולד מילקה (200 גרם),דיפלומט היינץ,יח`,,1,12.90,6.45
5008,שוקולד אוראו מילקה (100 גרם),דיפלומט היינץ,יח`,,1,5.90,5.90
5009,שוקולד חלב ולבן מילקה (100 גרם),דיפלומט היינץ,יח`,,1,5.90,5.90
5010,סוללות אנרג ייזר ליתיום,דנשר (1963) בעמ,יח`,,1,17.90,17.90
5011,סוללות אנרג ייזר ליתיום 2 יח,דנשר (1963) בעמ,יח`,,1,17.90,17.90
5012,9 V סוללות אנרג`יזר ריפרש,דנשר (1963) בעמ,יח`,,1,27.90,27.90
5013,מוצרלה כדור 125 גר,נטו מלינדה סחר בעמ,יח`,,1,10,8
5014,מוצרלה גליל נקניק 300גר`,נטו מלינדה סחר בעמ,יח`,,1,24.90,8.30
5015,ג`ילט מארז ונוס סווירל ידית +3 סכינים,דיפלומט מפיצים (1968) בעמ,יח`,,1,49.90,49.90
5016,סכיני פיוזן ידני 12 יח`,דיפלומט מפיצים (1968) בעמ,יח`,,1,178.90,178.90
5017,סכיני גילוח פיוז`ן ידני ג`ילט (12) מוגד,דיפלומט מפיצים (1968) בעמ,יח`,,1,144.90,144.90
5018,חטיפי קרקר חיטה מלאה 234  גר`פיטנס,קבוצת אסם סחר שות. מוגבלת,יח`,,1,11.90,5.09
5019,לקקן יוגטה 12 יח`,ליימן שליסל בעמ,יח`,,1,10.90,5.05
5020,לקקן יוגטה גלידה 12 יח`,ליימן שליסל בעמ,יח`,,1,10.90,5.05
5021,לקקן פין פופ פירות 48 יח`,ליימן שליסל בעמ,יח`,,1,19.90,19.90
5022,תה ג`רבה 500 גרם וילי פוד,ג.וילי-פוד אינטרנשיונל בעמ,יח`,,1,17.90,3.58
5023,סוכריות לקקן בייבי דול לריטייר (24 גרם),משה סידס ובנו בעמ,יח`,,1,2.90,12.08
5024,קברנה סוביניון דון חוליו (750 מל),הכרם - משקאות חריפים בעמ,יח`,,1,29.90,3.95
5025,מרלו דון חוליו (750 מל),הכרם - משקאות חריפים בעמ,יח`,,1,29.90,3.95
5026,שרדונה BIN דון חוליו (750 מל),הכרם - משקאות חריפים בעמ,יח`,,1,29.90,3.95
5027,יין סוביניון בלאן 750 מל דון חולין,הכרם - משקאות חריפים בעמ,יח`,,1,29.90,3.95
5028,יין מלבק 750 מל דון חולין,הכרם - משקאות חריפים בעמ,יח`,,1,29.90,3.95
5029,משחת טריפל אקשן קולגייט (75 מל),ש.שסטוביץ בעמ,יח`,,1,5.90,5.90
5030,פלאקס מי פה 500 מל מינט כחול,ש.שסטוביץ בעמ,יח`,,1,19.90,3.98
5031,קמפרי 700 מל,החברה המרכזית להפצת משקאות-אלכ,יח`,,1,89,12.67
5032,קמח תירס ואקום 1 קג,גורי מוצרי צריכה (1991) בעמ,יח`,,1,14.90,14.90
5033,גרנד פטיסרי 100 גר` אגוז,ליימן שליסל בעמ,יח`,,1,13.90,13.90
5034,גרנד פטיסרי 100 גר` קוקוס,ליימן שליסל בעמ,יח`,,1,13.90,13.90
5035,וופל  סנדוויץ`בטעם קקאו לואקר (200 גרם),ליימן שליסל בעמ,יח`,,1,13.90,6.95
5036,וופל  סנדוויץ`בטעם וניל לואקר (200 גרם),ליימן שליסל בעמ,יח`,,1,13.90,6.95
5037,קוארדטיני 250 גר` אגוז,ליימן שליסל בעמ,יח`,,1,14.90,5.96
5038,קוארדטיני 250 גר` קקאו,ליימן שליסל בעמ,יח`,,1,14.90,5.96
5039,וופל בטעם אגוזים לואקר (175 גרם),ליימן שליסל בעמ,יח`,,1,10.90,6.23
5040,וופל גרדנה 200,ליימן שליסל בעמ,יח`,,1,14.40,7.20
5041,וופל קקאו לואקר (175 גרם),ליימן שליסל בעמ,יח`,,1,10.90,6.23
5042,וופל גרדנה שוקולד 200 גר,ליימן שליסל בעמ,יח`,,1,14.40,7.20
5043,מארז חטיפי אצבעות גרדנה אגוז 125 גר,ליימן שליסל בעמ,יח`,,1,16.90,13.52
5044,טבלת שוקולד קרם אגוזים לואקר (85 גרם),ליימן שליסל בעמ,יח`,,1,7.90,9.29
5045,לואקר קלאסי שוקו חלב 175קג,ליימן שליסל בעמ,יח`,,1,10.90,6.23
5046,קוארדטיני 250 גר` שוקו- חלב,ליימן שליסל בעמ,יח`,,1,14.90,5.96
5047,שוקולד לואקר מריר 80 גר`,ליימן שליסל בעמ,יח`,,1,7.90,9.88
5048,שוקולד לואקר לבן 80 גר`,ליימן שליסל בעמ,יח`,,1,7.90,9.88
5049,וופל בטעם דאבל שוקולד לואקר (175 גרם),ליימן שליסל בעמ,יח`,,1,10.90,6.23
5050,מברשת מסיליקון,מ.א.ייצור ויבוא מטליות בעמ,יח`,,1,29.90,29.90
5051,מטאטא סיליקון+מקל  פרמיום כחול,מ.א.ייצור ויבוא מטליות בעמ,יח`,,1,79,79
5052,חטיף הפי היפו קינדר (5  יח`- 103.5 גרם),פרימיום-חברה לדברי מתיקה ולמסח,יח`,,1,11.90,13.22
5053,בונבוניירת רפאלו פררו (150 גרם),פרימיום-חברה לדברי מתיקה ולמסח,יח`,,1,17.90,11.93
5054,ביצת הפתעה קינדר (20x3 גרם),פרימיום-חברה לדברי מתיקה ולמסח,יח`,,1,14.90,24.83
5055,בואנו וופל קינדר (43x3 גרם),פרימיום-חברה לדברי מתיקה ולמסח,יח`,,1,9.90,7.67
5056,אצבעות שוקולד קינדר (16  יח`- 200 גרם),פרימיום-חברה לדברי מתיקה ולמסח,יח`,,1,11.90,5.95
5057,קינדר ג`וי שלשות - כחול,פרימיום-חברה לדברי מתיקה ולמסח,יח`,,1,14.90,24.83
5058,בואנו וופל לבן קינדר (39x3 גרם),פרימיום-חברה לדברי מתיקה ולמסח,יח`,,1,9.90,8.46
5059,קינדר שוקולד עם דגנים,פרימיום-חברה לדברי מתיקה ולמסח,יח`,,1,7.90,7.90
5060,סוכריות תות שדה טיק טק (16x4 גרם),פרימיום-חברה לדברי מתיקה ולמסח,יח`,,1,10.90,4.36
5061,נוטלה 1 קג`,פרימיום-חברה לדברי מתיקה ולמסח,יח`,,1,34.90,3.49
5062,קינדר בואנו דארק שלשה,פרימיום-חברה לדברי מתיקה ולמסח,יח`,,1,9.90,7.67
5063,קינדר בואנו מיני מיקס,פרימיום-חברה לדברי מתיקה ולמסח,יח`,,1,19.90,19.90
5064,קינדר שוקולד מיני 120 גר`,פרימיום-חברה לדברי מתיקה ולמסח,יח`,,1,9.90,8.25
5065,10 עוגות אישית בעטיפה אישית 39  גר`קינדר,פרימיום-חברה לדברי מתיקה ולמסח,יח`,,1,19.90,5.10
5066,בואנו וופל קינדר קוקוס (43x3 גרם),פרימיום-חברה לדברי מתיקה ולמסח,יח`,,1,9.90,7.67
5067,דאב סבון מוצק רביעיה,יוניליוור ישראל שיווק בעמ,יח`,,1,12.90,3.23
5068,מברשת מגהץ,מ.א.ייצור ויבוא מטליות בעמ,יח`,,1,5.90,5.90
5069,מברשת כלים,מ.א.ייצור ויבוא מטליות בעמ,יח`,,1,6.90,6.90
5070,יעה+קל מודפס+גומי,מ.א.ייצור ויבוא מטליות בעמ,יח`,,1,14.90,14.90
5071,סוכריות ג`לי 450 גר` יוגטה,ליימן שליסל בעמ,יח`,,1,11.90,2.64
5072,פסטו בזיליקום פרווה 270  גר`סקוויז,דיפלומט היינץ,יח`,,1,19.90,7.37
5073,פסטו אדום וצ`לי פיקנטי פרווה 270  גר`סק,דיפלומט היינץ,יח`,,1,17.90,6.63
5074,טבליות למדיח פלטינום הכל באחד פיירי (63),דיפלומט מפיצים (1968) בעמ,יח`,,1,49.90,49.90
5075,טבליות למדיח קלאסי הכל באחד פיירי,דיפלומט מפיצים (1968) בעמ,יח`,,1,49.90,49.90
5076,טבליות למדיח הכל באחד פיירי) (48,דיפלומט מפיצים (1968) בעמ,יח`,,1,44.90,44.90
5077,טבליות למדיח פלטינום הכל באחד פיירי) (37,דיפלומט מפיצים (1968) בעמ,יח`,,1,44.90,44.90
5078,טייד אבקת כביסה קולור 8 קג,דיפלומט מפיצים (1968) בעמ,יח`,,1,59.90,0.75
5079,הרבל אסנסס מרכך חלב קוקוס 400 מל,דיפלומט מפיצים (1968) בעמ,יח`,,1,23.90,5.98
5080,חיתולי ביביי דריי מידה 2 ( 46 יח) פמפרס,דיפלומט מפיצים (1968) בעמ,יח`,,1,29.90,29.90
5081,חיתולי ביביי דריי מידה 3 ( 38 יח) פמפרס,דיפלומט מפיצים (1968) בעמ,יח`,,1,29.90,29.90
5082,חיתולי ביביי דריי מידה 4 ( 34 יח) פמפרס,דיפלומט מפיצים (1968) בעמ,יח`,,1,29.90,29.90
5083,חיתולי ביביי דריי מידה 5( 30 יח) פמפרס,דיפלומט מפיצים (1968) בעמ,יח`,,1,29.90,29.90
5084,חיתולי ביביי דריי מידה ( 26 יח) פמפרס,דיפלומט מפיצים (1968) בעמ,יח`,,1,29.90,29.90
5085,פנטן מרכך הקסם 200 מל לחות מוגברת,דיפלומט מפיצים (1968) בעמ,יח`,,1,24.90,12.45
5086,מסכה לחות מוגברת 300 מל פנטן,דיפלומט מפיצים (1968) בעמ,יח`,,1,39.90,13.30
5087,חיתולי פמפרס פרימיום vp מידה 3 40 יח,דיפלומט מפיצים (1968) בעמ,יח`,,1,34.90,34.90
5088,חיתולי פמפרס פרימיום vp מידה 5 30 יח`,דיפלומט מפיצים (1968) בעמ,יח`,,1,34.90,34.90
5089,פיירי ורדים ומשי 1.015 מל,דיפלומט מפיצים (1968) בעמ,יח`,,1,17.90,17.64
5090,שולדרס שמפו סופרים לחות 400 מל,דיפלומט מפיצים (1968) בעמ,יח`,,1,20.90,5.23
5091,אריאל טבליות לכביסה 27 יחידות,דיפלומט מפיצים (1968) בעמ,יח`,,1,34.90,34.90
5092,אריאל טבליות לכביסה קולור 27 יחידות,דיפלומט מפיצים (1968) בעמ,יח`,,1,34.90,34.90
5093,אריאל קפסולות לכביסה 40 יחידות,דיפלומט מפיצים (1968) בעמ,יח`,,1,39.90,39.90
5094,מגן תחתון אולווייז מגה פק לארג` פרש 64 י,דיפלומט מפיצים (1968) בעמ,יח`,,1,26.90,26.90
5095,מגן תחתון אולדייז סינגל טנגה 36 יחידות,דיפלומט מפיצים (1968) בעמ,יח`,,1,15.90,15.90
5096,מגן תחתון אולדייז נורמל אולווייז (76),דיפלומט מפיצים (1968) בעמ,יח`,,1,26.90,26.90
5097,מרכך נוסחה קלאסית  פנטן(500 מל),דיפלומט מפיצים (1968) בעמ,יח`,,1,15.90,3.18
5098,מרכך שמן מרוקאי משקם  פנטן(500 מל),דיפלומט מפיצים (1968) בעמ,יח`,,1,15.90,3.18
5099,שמפו נוסחה קלאסית  פנטן(500 מל),דיפלומט מפיצים (1968) בעמ,יח`,,1,15.90,3.18
5100,שמפו שמן מרוקאי משקם  פנטן(500 מל),דיפלומט מפיצים (1968) בעמ,יח`,,1,15.90,3.18
5101,שמפו למגע רק כמשי 500 מל פנטן,דיפלומט מפיצים (1968) בעמ,יח`,,1,15.90,3.18
5102,אריאל ג`ל כביסה 2.255 ליטר בייבי,דיפלומט מפיצים (1968) בעמ,יח`,,1,32.90,32.90
5103,לנור כדוריות הריח בניחוח רענן 140 גר`,דיפלומט מפיצים (1968) בעמ,יח`,,1,27.90,19.93
5104,תחבושות אולוויז פלטינום נורמל 24 יח,דיפלומט מפיצים (1968) בעמ,יח`,,1,19.90,19.90
5105,פיירי אנטי בקטריאלי 1.015 ליטר,דיפלומט מפיצים (1968) בעמ,יח`,,1,17.90,17.64
5106,שמפו לחות מוגברת  פנטן( 500  מל),דיפלומט מפיצים (1968) בעמ,יח`,,1,15.90,3.18
5107,גוטרייד ספורט תפוז אדום,טמפו משקאות בעמ,יח`,,1,8.90,1.72
5108,סאן בנדטו פקק ספורט מל שישייה,טמפו משקאות בעמ,יח`,,1,13.90,0.40
5109,ממרח קקאו ואגוזי 350 גר,ג.וילי-פוד אינטרנשיונל בעמ,יח`,,1,15.90,4.54
5110,אריאל קפסולות לכביסה בניחוח לנור 16 יח,דיפלומט מפיצים (1968) בעמ,יח`,,1,19.90,19.90
5111,אולוויז עבה נורמל פלוס 14 יח,דיפלומט מפיצים (1968) בעמ,יח`,,1,14.90,14.90
5112,אולוויז עבה לונג +12יח`,דיפלומט מפיצים (1968) בעמ,יח`,,1,14.90,14.90
5113,לנור מרכך מרוכז בניחוח יסמין 900 מל,דיפלומט מפיצים (1968) בעמ,יח`,,1,16.90,16.90
5114,לנור מרכך מרוכז בניחוח אוקיינוס 900 מל,דיפלומט מפיצים (1968) בעמ,יח`,,1,16.90,16.90
5115,נוזל כלים פלטינום אורגינל פיירי (515 מל,דיפלומט מפיצים (1968) בעמ,יח`,,1,11.90,2.31
5116,אטריות ביצים טלייאלה 250 גר` ללא גלוטן,גורי מוצרי צריכה (1991) בעמ,יח`,,1,17.90,7.16
5117,אפרול 1 ליטר,החברה המרכזית להפצת משקאות-אלכ,יח`,,1,99,9.87
5118,ביצת הפתעה ברבי שלושה 60 גר`,ליימן שליסל בעמ,יח`,,1,12.90,21.50
5119,שרדונה קאזה דה לואיג`י (750 מל),הכרם - משקאות חריפים בעמ,יח`,,1,30.90,4.08
5120,ספרקלטיני רימונים ורדי בוסקה (750 מל),הכרם - משקאות חריפים בעמ,יח`,,1,24.90,3.28
5121,קברנה סוביניון קאזה דה לואיג`י (750 מל),הכרם - משקאות חריפים בעמ,יח`,,1,30.90,4.08
5122,ספרקלטיני גרין אפל ורדי בוסקה (750 מל),הכרם - משקאות חריפים בעמ,יח`,,1,24.90,3.28
5123,ספארקלטיני ורדי גורצטראמינר (750 מל),הכרם - משקאות חריפים בעמ,יח`,,1,24.90,3.28
5124,ויט רצועות שעווה לקן ביקיני ובית שחי,רקיט בנקיזר (ניר איסט) בעמ,יח`,,1,24.90,24.90
5125,צנצנת פילה טונה בשמן זית 250  גר`AS DO M,אימפורט פור יו בעמ,יח`,,1,45.90,18.36
5126,יעה נצמד,א.מ. דיוויסלי בעמ,יח`,,1,6.90,6.90
5127,מטאטא פנימי spazio,א.מ. דיוויסלי בעמ,יח`,,1,24.90,24.90
5128,אילי אספרסו טחון בקלייה,קבוצת אסם סחר שות. מוגבלת,יח`,,1,51.60,20.64
5129,ירקות גינה עם טונה ריו מרה (160 גרם),ש.שסטוביץ בעמ,יח`,,1,17.90,11.19
5130,ריו מארה אינסלטיסימי מקסיקני עם טונה 160,ש.שסטוביץ בעמ,יח`,,1,17.90,11.19
5131,ריו מרה טונה בשמן זית 160 ג,ש.שסטוביץ בעמ,יח`,,1,18.90,11.81
5132,ריו מרה טונה בשמן זית שום ופלפל 160 ג,ש.שסטוביץ בעמ,יח`,,1,18.90,11.81
5133,ריו מארה טונה בשמן זית לימון ופלפל שלייש,ש.שסטוביץ בעמ,יח`,,1,26.90,11.21
5134,ריו מארה טונה בשמן זית שלישיות 80 גרם,ש.שסטוביץ בעמ,יח`,,1,26.90,11.21
5135,ריו מארה אינסלטיסימי אורז עם טונה 160 גר,ש.שסטוביץ בעמ,יח`,,1,17.90,11.19
5136,ריו מארה אינסלטיסימיה קוסקוס עם טונה 160,ש.שסטוביץ בעמ,יח`,,1,17.90,11.19
5137,עגבניות חתוכות דק 400 גר` שלישייה פולפה,רסטרטו יבוא ושיווק בעמ,יח`,,1,16.90,1.41
5138,תה קר בטעם אפרסק נסטי (1.5 ליטר),טמפו משקאות בעמ,יח`,,1,5.90,0.39
5139,תה קר אפרסק דיאט נסטי (1.5 ליטר),טמפו משקאות בעמ,יח`,,1,5.90,0.39
5140,תה קר בטעם ענבים נסטי (1.5 ליטר),טמפו משקאות בעמ,יח`,,1,5.90,0.39
5141,פסטה פאפרדלה 500 גר GRANO ARMANDO,אימפורט פור יו בעמ,יח`,,1,11.90,2.38
5142,גריסיני קלאסי אמור די פאן (125 גרם),ליימן שליסל בעמ,יח`,,1,7.90,6.32
5143,גריסיני בטעם פיצה אמור די פאן (125 גרם),ליימן שליסל בעמ,יח`,,1,7.90,6.32
5144,שמן זרעי ענבים 1 ליטר+חצי  ליטר,אימפורט פור יו בעמ,יח`,,1,39.90,26.60
5145,שמן אורז 1 ליטר,אימפורט פור יו בעמ,יח`,,1,34.90,34.90
5146,שמן בוטנים 1  ליטר(פ),אימפורט פור יו בעמ,יח`,,1,34.90,34.90
5147,חומץ בלסמי גקובזי 500 מל,דיפלומט היינץ,יח`,,1,25,5
5148,גרנורו קנלוני בד,ג.וילי-פוד אינטרנשיונל בעמ,יח`,,1,10.90,4.36
5149,פסטה רג`ייה אטריות עגולות דקות 500 גר`,תומר יבוא ושיווק מוצרי מזון (1,יח`,,1,7.90,1.58
5150,מטאטא פנימי practica,א.מ. דיוויסלי בעמ,יח`,,1,24.90,24.90
5151,מברשת ויעה,א.מ. דיוויסלי בעמ,יח`,,1,12.90,12.90
5152,מברשת לניקוי אסלות,א.מ. דיוויסלי בעמ,יח`,,1,7.90,7.90
5153,מטאטא פנימי rapida,א.מ. דיוויסלי בעמ,יח`,,1,27.90,27.90
5154,סימבה כלב עוף והודו 415גר`,שחורי אריה ואנסטסיה,יח`,,1,4,4
5155,סימבה כלב כבש 415גר`,שחורי אריה ואנסטסיה,יח`,,1,4,4
5156,ניוקי מיני וינצ`י (500 גרם),אימפורט פור יו בעמ,יח`,,1,10.90,2.15
5157,פסטה פנה ללא גלוטן 250 גרם,אימפורט פור יו בעמ,יח`,,1,12.90,5.16
5158,פסטה אליקה ללא גלוטן 250 גרם,אימפורט פור יו בעמ,יח`,,1,12.90,5.16
5159,ביסקוויט מקמח תירס שוקולד ואגוזים 250 גר,אימפורט פור יו בעמ,יח`,,1,16.90,6.76
5160,ביסקוויט מקמח תירס קלאסי 300 גר`,אימפורט פור יו בעמ,יח`,,1,16.90,5.63
5161,קוסקוס מרקש דין שיווק (1 קג),דין שיווק וקליה בעמ,יח`,,1,9.90,0.99
5162,סוכריות סטיביה ליקוריש ללא סוכר,גורי מוצרי צריכה (1991) בעמ,יח`,,1,9.90,14.14
5163,משקה שיבולת שועל 1 ליטר,אימפורט פור יו בעמ,יח`,,1,12.90,12.90
5164,משקה אורז וניל אורגני 1 ליטר ISOLA,ל.י.ב. (לחיות יותר בטבע) בעמ,יח`,,1,15.90,15.90
5165,משקה שבלת שועל 11% אורגני 1 ל`ISOLA,ל.י.ב. (לחיות יותר בטבע) בעמ,יח`,,1,10.90,1.09
5166,משקה אורז קוקוס אורגני 1 ליטר ISOLA,ל.י.ב. (לחיות יותר בטבע) בעמ,יח`,,1,17.90,17.90
5167,משקה שקדים 8% אורגני 1ליטר ISOLA,ל.י.ב. (לחיות יותר בטבע) בעמ,יח`,,1,16.90,1.69
5168,עגבניות מרוסקות דק ומסוננות בקבוק 700,גורי מוצרי צריכה (1991) בעמ,יח`,,1,10.90,1.56
5169,פיקניק הפתעה 50 גר`,ליימן שליסל בעמ,יח`,,1,6.90,13.80
5170,ספגטיני מספר 5 ברילה (500 גרם),ש.שסטוביץ בעמ,יח`,,1,5.90,1.18
5171,פסטה מס 28 ברילה (500 גרם),ש.שסטוביץ בעמ,יח`,,1,5.90,1.18
5172,פסטה פנה ריגטה מספר 73 ברילה (500 גרם),ש.שסטוביץ בעמ,יח`,,1,5.90,1.18
5173,פסטה פוזילי מספר 98 ברילה (500 גרם),ש.שסטוביץ בעמ,יח`,,1,5.90,1.18
5174,פרפלה מספר 65 ברילה (500 גרם),ש.שסטוביץ בעמ,יח`,,1,5.90,1.18
5175,קנלוני מספר 88 ברילה (250 גרם),ש.שסטוביץ בעמ,יח`,,1,10.90,4.36
5176,גירנדולה טורסדס מספר 34 ברילה (500 גרם),ש.שסטוביץ בעמ,יח`,,1,5.90,1.18
5177,רוטב פסטה ארביאטה ברילה (400 גרם),ש.שסטוביץ בעמ,יח`,,1,13.90,3.48
5178,רוטב לפסטה פומודורו ברילה (400 גרם),ש.שסטוביץ בעמ,יח`,,1,13.90,3.48
5179,רוטב לפסטה נפולטנה ברילה (400 גרם),ש.שסטוביץ בעמ,יח`,,1,13.90,3.48
5180,רוטב לפסטה בזיליקום ברילה (400 גרם),ש.שסטוביץ בעמ,יח`,,1,13.90,3.48
5181,פרפנדלה ברילה (250 גרם),ש.שסטוביץ בעמ,יח`,,1,14.90,5.96
5182,רוטב לפסטה טוסקנה ברילה (400 גרם),ש.שסטוביץ בעמ,יח`,,1,13.90,3.48
5183,טליאטלה ברילה (500 גרם),ש.שסטוביץ בעמ,יח`,,1,19.90,3.98
5184,לזניה ברילה (500 גרם),ש.שסטוביץ בעמ,יח`,,1,17.90,3.58
5185,ספגטי חיטה מלאה ברילה (500 גרם),ש.שסטוביץ בעמ,יח`,,1,12.90,2.58
5186,פסטה פנה ריגטה חיטה מלאה ברילה (500 גרם),ש.שסטוביץ בעמ,יח`,,1,12.90,2.58
5187,רוטב פסטו 195  גר`ברילה,ש.שסטוביץ בעמ,יח`,,1,13.90,7.13
5188,סטיביה ממתיק בצנצנת 270 גר` טרוביה,גורי ע.ע.ע בעמ,יח`,,1,34.90,12.93
5189,כוסות לחיים 40 יחידות,הנמל אריזות ושיווק (1984) בעמ,יח`,,1,4.90,4.90
5190,נייטשר וואלי 210 גר` שבבי שוקולד מריר,ליימן שליסל בעמ,יח`,,1,19.90,9.48
5191,נייטשר וואלי פרוטאין בוטנים ושבבי שוקולד,ליימן שליסל בעמ,יח`,,1,24.90,11.86
5192,נייטשר וואלי פרוטאין בוטנים עם ציפוי בטע,ליימן שליסל בעמ,יח`,,1,24.90,11.86
5193,נייטשר וואלי צ`ואי חטיף חמאת בוטנים,ליימן שליסל בעמ,יח`,,1,19.90,13.27
5194,נייטשר וואלי צ`ואי סוליט מריר,ליימן שליסל בעמ,יח`,,1,19.90,13.27
5195,חטיף פייבר 1 בטעם שוקולד 120גרם,ליימן שליסל בעמ,יח`,,1,19.90,19.90
5196,חטיף פייבר 1 טעם קרמל מלוח 120 גר,ליימן שליסל בעמ,יח`,,1,19.90,16.58
5197,נייטשר וואלי חטיף ממולא נאט קרים שיבולת,ליימן שליסל בעמ,יח`,,1,19.90,10.47
5198,נייטשר וואלי חטיף ממולא נאט קרים שיבולת,ליימן שליסל בעמ,יח`,,1,19.90,10.47
5199,עוגה אישית פייבר 1 קיק בר שוקולד 90 קלור,ליימן שליסל בעמ,יח`,,1,19.90,19.90
5200,נייטשר וואלי 210 גר` נאט קרים קאפס אגוזי,ליימן שליסל בעמ,יח`,,1,19.90,14.21
5201,מנקה מדיח כלים פיניש (250 מל),רקיט בנקיזר (ניר איסט) בעמ,יח`,,1,20.90,8.36
5202,פיניש מפיץ ריח רגיל,רקיט בנקיזר (ניר איסט) בעמ,יח`,,1,20.90,20.90
5203,רצועות שעווה מוכנות לעור יבש ויט) (12,רקיט בנקיזר (ניר איסט) בעמ,יח`,,1,24.90,24.90
5204,גולון ביסקוויט סנדוויץ שוקו 500 גר,טסה שוקולד בעמ,יח`,,1,9.90,1.98
5205,גולן ביסקוויט מחיטה מלאה ללא סוכר 400 ג,טסה שוקולד בעמ,יח`,,1,15.90,3.98
5206,גולון עוגיות שוקו צפס ללא גלוטן 130 ג,טסה שוקולד בעמ,יח`,,1,10.90,8.38
5207,קאווה חצי יבשה וידה של סגל (750 מל),טמפו משקאות בעמ,יח`,,1,30.90,4.08
5208,קוה ג`ום סרה זהב,היכל היין שקד גולן בעמ,יח`,,1,30.90,4.08
5209,גבינת עיזים רכה עם פאפאיה 29% שומן 110 ג,ג.וילי-פוד אינטרנשיונל בעמ,יח`,,1,14.90,13.55
5210,מרבה סלים דליס שוקולד חלב,ש.שסטוביץ בעמ,יח`,,1,10.90,9.08
5211,מרבה סלים דליס שוקולד מריר,ש.שסטוביץ בעמ,יח`,,1,10.90,9.08
5212,מרבה סלים דליס,ש.שסטוביץ בעמ,יח`,,1,10.90,9.08
5213,מרבה סלים דליס שוקולד חלב ללא גלוטן,ש.שסטוביץ בעמ,יח`,,1,10.90,10.90
5214,סלים דליס לילדים עם שוקולד חלבי,ש.שסטוביץ בעמ,יח`,,1,10.90,13.97
5215,סלים דליס לילדים עם שוקולד לבן,ש.שסטוביץ בעמ,יח`,,1,10.90,13.97
5216,סלים דליס מהדורה מיוחדת עם שוקולד מריר,ש.שסטוביץ בעמ,יח`,,1,10.90,13.97
5217,פריכיות תירס טבעי - סלים דליס,גורי מוצרי צריכה (1991) בעמ,יח`,,1,12.90,9.92
5218,פריכיות תירס בטעם עגבניות עשבי תיבול כש,גורי מוצרי צריכה (1991) בעמ,יח`,,1,12.90,10.49
5219,פריכיות תירס זיתים ועירית כשלפ סלים דלי,גורי מוצרי צריכה (1991) בעמ,יח`,,1,12.90,10.49
5220,פריכיות אורז מלא כשלפ סלים דליס,גורי מוצרי צריכה (1991) בעמ,יח`,,1,12.90,9.92
5221,מרבה סלים דליס שוקולד מריר בנגיעות מריר,ש.שסטוביץ בעמ,יח`,,1,10.90,9.08
5222,סלים דליס מהדורה מיוחדת עם שוקולד חלב,ש.שסטוביץ בעמ,יח`,,1,10.90,9.08
5223,מרבה סלים דליס שוקולד לבן בטעם יוגורט,ש.שסטוביץ בעמ,יח`,,1,10.90,9.08
5224,מרדל ריבת חלב 450 גר,גורי מוצרי צריכה (1991) בעמ,יח`,,1,19.90,4.42
5225,ריבת חלב בקבוק לחיץ 370 גר,גורי מוצרי צריכה (1991) בעמ,יח`,,1,19.90,5.38
5226,סימילאק קומפורט שלב 2 820גר,שקד תבל בעמ,יח`,,1,95,11.59
5227,יוגטה גומי 250 גרם ממולאות בצורת מקלות,ליימן שליסל בעמ,יח`,,1,7.90,3.16
5228,יוגטה שטיחים תותי פרוטי 220 גר`,ליימן שליסל בעמ,יח`,,1,7.90,3.59
5229,ממתק ממולא בטעמי פירות 200  גר`יוגטה,ליימן שליסל בעמ,יח`,,1,9.90,4.95
5230,אביזרי שיער,אל האופק שיווק וסחר,יח`,,1,7.90,7.90
5231,אביזרי שיער סרטים וקשתות,אל האופק שיווק וסחר,יח`,,1,8.90,8.90
5232,אביזרי שיער סיכות פפיון גדולות,אל האופק שיווק וסחר,יח`,,1,9.90,9.90
5233,אביזרי שיער,אל האופק שיווק וסחר,יח`,,1,12.90,12.90
5234,אביזרי שיער,אל האופק שיווק וסחר,יח`,,1,14.90,14.90
5235,אביזרי שיער,אל האופק שיווק וסחר,יח`,,1,17.90,17.90
5236,שוקולד מריר עם גאנש מריר 86 גר,תה ויסוצקי (ישראל) בעמ,יח`,,1,13.90,13.90
5237,דאב שמפו רגיל 400 מל,יוניליוור ישראל שיווק בעמ,יח`,,1,15.90,3.98
5238,ממרח קקאו ואגוזי לוז 350 גר,ג.וילי-פוד אינטרנשיונל בעמ,יח`,,1,15.90,4.54
5239,דאב שמפו משקם 400 מל,יוניליוור ישראל שיווק בעמ,יח`,,1,15.90,3.98
5240,דאב מרכך משקם 400 מל,יוניליוור ישראל שיווק בעמ,יח`,,1,15.90,3.98
5241,תה ארל גריי ברגמוט ליפטון) (100,יוניליוור ישראל שיווק בעמ,יח`,,1,26.90,13.45
5242,בדין אקסטרא פריחת התפוז 960 מל,יוניליוור ישראל שיווק בעמ,יח`,,1,16.90,1.76
5243,מאגדת-מיני מגנום דאבל קרמל,גלידות שטראוס בעמ,יח`,,1,32.90,32.90
5244,ליפטון תה ירוק לואיזה ולימונית,יוניליוור ישראל שיווק בעמ,יח`,,1,16.90,56.33
5245,מאגדת מגנום מיני דאבל פרי יער שוקולד,גלידות שטראוס בעמ,יח`,,1,32.90,10.19
5246,סיף ג`ל אקונומיקה לימון 750 מל,יוניליוור ישראל שיווק בעמ,יח`,,1,11.90,1.59
5247,סיף ג`ל אקונומיקה רוח ים 750 מל,יוניליוור ישראל שיווק בעמ,יח`,,1,11.90,1.59
5248,סיף ג`ל אקונומיקה אורנים 750 מל,יוניליוור ישראל שיווק בעמ,יח`,,1,11.90,1.59
5249,סיף קרם ניקוי לימון 500 מל,יוניליוור ישראל שיווק בעמ,יח`,,1,11.90,11.90
5250,הלמנ`ס רוטב מיונז חריף 235 גר`,יוניליוור ישראל שיווק בעמ,יח`,,1,11.90,5.06
5251,הלמנ`ס רוטב מיונז עם שום 235 גר`,יוניליוור ישראל שיווק בעמ,יח`,,1,11.90,5.06
5252,מיונז אמיתי לחיץ הלמנס (395 גרם),יוניליוור ישראל שיווק בעמ,יח`,,1,14.90,3.77
5253,מאגדת מגנום דאבל פיסטוק,גלידות שטראוס בעמ,יח`,,1,32.90,11.67
5254,שמרים יבשים 450 גר` בדצ הנמל,הנמל אריזות ושיווק (1984) בעמ,יח`,,1,12.90,2.87
5255,חציל קלוי על האש סרה (650 גרם),ג.וילי-פוד אינטרנשיונל בעמ,יח`,,1,12.90,1.98
5256,פלפל אדום קלוי על האש 650 גר` ויליפוד,ג.וילי-פוד אינטרנשיונל בעמ,יח`,,1,12.90,1.98
5257,דאק ג`ל נוזל לניקוי מתקדם בניחוח לבנדר ב,דנשר (1963) בעמ,יח`,,1,10.90,1.45
5258,דאק נוזל ג`ל לניקוי עם אקנומיקה מקציפה ב,דנשר (1963) בעמ,יח`,,1,12.90,12.90
5259,דאק סבון ניקוי אסלה בניחוח ים,דנשר (1963) בעמ,יח`,,1,9.90,9.90
5260,דאק סבון זוג בניחוח הדרים,דנשר (1963) בעמ,יח`,,1,8.90,8.90
5261,דאק סבון לניקוי האסלה בתוספת אקונומיקה ב,דנשר (1963) בעמ,יח`,,1,9.90,9.90
5262,גלייד ספריי אוטמטי מילוי (מילוי בניחוח מ,דנשר (1963) בעמ,יח`,,1,24.90,9.26
5263,ערמונים שלמים קלויים וקלופים 100 גר` Ave,אבאל יזמות בעמ,יח`,,1,4.90,4.90
5264,יוגטה מרשמלו לבבות 150 גר`,ליימן שליסל בעמ,יח`,,1,8.90,5.93
5265,קולגייט מברשת סלים סופט פחם זוג,ש.שסטוביץ בעמ,יח`,,1,24,24
5266,סבון נוזלי פלמוליב זיתים (750 מל),ש.שסטוביץ בעמ,יח`,,1,19.90,2.65
5267,אל סבון נוזלי דיסני ספיידרמן 400 מל,פארמה דיל (פ.א.ב.) שיווק והפצה,יח`,,1,9.90,9.90
5268,אל סבון נוזלי דיסני מיני מאוס 400 מל,פארמה דיל (פ.א.ב.) שיווק והפצה,יח`,,1,9.90,9.90
5269,אל סבון נוזלי דיסני פרוזן 400 מל,פארמה דיל (פ.א.ב.) שיווק והפצה,יח`,,1,9.90,9.90
5270,מגבוני טישוו רכים רביעייה,עיסא ערטול בעמ,יח`,,1,9.90,9.90
5271,טרזמה מרכך בוטניק 500 מל,יוניליוור ישראל שיווק בעמ,יח`,,1,22.90,4.58
5272,טרזמה שמפו קרטין 500 מל,יוניליוור ישראל שיווק בעמ,יח`,,1,22.90,4.58
5273,TRESemme מסכה בוטניק 300 מל,יוניליוור ישראל שיווק בעמ,יח`,,1,29.90,9.97
5274,עוגיות לימון עם 29% שוקולד צ`יפס 225 גר`,ש.שסטוביץ בעמ,יח`,,1,9.90,4.40
5275,עוגיות שוקולד צ`יפס רך מרבה (175 גרם),ש.שסטוביץ בעמ,יח`,,1,9.90,9.90
5276,מרבה עוגיות שוקולד צ`יפס רכה פירות יער,ש.שסטוביץ בעמ,יח`,,1,9.90,5.66
5277,עוגיות נוגטלי מרבה (160 גרם),ש.שסטוביץ בעמ,יח`,,1,9.90,6.19
5278,תחליב רחצה קשמיר 500 מל דאב,יוניליוור ישראל שיווק בעמ,יח`,,1,16.90,3.24
5279,אקס בודי ספריי פרש ברגמוט ופינק פפר 150,יוניליוור ישראל שיווק בעמ,יח`,,1,11.90,7.93
5280,קפסולות קפה אספרסו פורזה (9) 52 גר` לור,דיפלומט היינץ,יח`,,1,19.90,19.90
5281,קפסולות קפה אספרסו קלאסיקו ג`ייקבוס עוצמ,דיפלומט היינץ,יח`,,1,15.90,15.90
5282,קפסולות קפה אספרסו קלאסיקו אינטנסו עוצמה,דיפלומט היינץ,יח`,,1,15.90,15.90
5283,קפסולות קפה אספרסו ריסטרטו ג`ייקבוס (עוצ,דיפלומט היינץ,יח`,,1,15.90,15.90
5284,קפסולות קפה אספרסו לונגו גייקבוס,דיפלומט היינץ,יח`,,1,15.90,15.90
5285,קפסולות קפה אספרסו הודו (10) 52 גר` לור,דיפלומט היינץ,יח`,,1,19.90,19.90
5286,חרדל גרגרים בקבוק לחיץ 235 מל,נטו מלינדה סחר בעמ,יח`,,1,14.90,6.34
5287,חרדל ד`זון בקבוק לחיץ 235 מל,נטו מלינדה סחר בעמ,יח`,,1,14.90,6.34
5288,מסכה לשיער דאב לטיפוח להזנה עמוקה 200מל,יוניליוור ישראל שיווק בעמ,יח`,,1,22.90,11.45
5289,ג`ל רחצה אפולו לגבר אקס (400 מל),יוניליוור ישראל שיווק בעמ,יח`,,1,12.90,3.23
5290,בירה היינקן 0.0% שישייה 330 מל,טמפו משקאות בעמ,יח`,,1,29.90,29.90
5291,תחליף חלב שלב 1 נוטרילון (800 גרם),דיפלומט היינץ,יח`,,1,75.90,9.49
5292,תחליף חלב שלב 2 נוטרילון (800 גרם),דיפלומט היינץ,יח`,,1,75.90,9.49
5293,תחליף חלב שלב 3 נוטרילון (800 גרם),דיפלומט היינץ,יח`,,1,75.90,9.49
5294,תחליב רחצה להזנה עמוקה דאב (500 מל),יוניליוור ישראל שיווק בעמ,יח`,,1,16.90,3.38
5295,דאב תחליב רחצה ירוק ומלפפון 500 מל,יוניליוור ישראל שיווק בעמ,יח`,,1,16.90,3.38
5296,תחליב רחצה זוהר כמשי דאב (500 מל),יוניליוור ישראל שיווק בעמ,יח`,,1,16.90,3.38
5297,תחליב רחצה זוהר כמשי דאב (750 מל),יוניליוור ישראל שיווק בעמ,יח`,,1,22.90,3.05
5298,קפה שחור 200 גר` קלוי וטחון טורקי ג`ייקו,דיפלומט היינץ,יח`,,1,14.90,7.45
5299,קפה שחור 85 גר` קלוי וטחון טורקי ג`ייקוב,דיפלומט היינץ,יח`,,1,7.90,9.29
5300,ג`יקובס גולד 200 גר` מיובש בהקפאה,דיפלומט היינץ,יח`,,1,33.90,16.95
5301,קפה נמס קרוננג ג`יקובס 200 גר`,דיפלומט היינץ,יח`,,1,27.90,13.95
5302,קולגייט אקסטרה קלין רביעייה,ש.שסטוביץ בעמ,יח`,,1,9.90,9.90
5303,קולגייט סנסיטיב פרו ריליף + הלבנה 75 מל,ש.שסטוביץ בעמ,יח`,,1,22.90,30.53
5304,פלמוליב כלים שקוף קלאסי 1.5 ליטר חדש,ש.שסטוביץ בעמ,יח`,,1,16.90,11.27
5305,קולגייט משחת אופטיק וייט הלבנה מיידית 75,ש.שסטוביץ בעמ,יח`,,1,17.90,17.90
5306,רוטב סויה קיקומן ללא גלוטן 250 מל,דיפלומט היינץ,יח`,,1,19.90,7.96
5307,מיונז צנצנת 460 גר` היינץ,דיפלומט היינץ,יח`,,1,11.90,2.59
5308,היינץ ממרח במרקם קרמי 420,דיפלומט היינץ,יח`,,1,15.90,3.79
5309,מתבל עגבניות היינץ (700 גרם),דיפלומט היינץ,יח`,,1,11.90,1.70
5310,ממרח לחיץ היינץ 395 גר ללא חומר משמר,דיפלומט היינץ,יח`,,1,15.90,4.03
5311,היינץ מתבל עגבניות 555 גר,דיפלומט היינץ,יח`,,1,11.90,2.14
5312,אקס בודי ספריי גוף אנרכי גברים,יוניליוור ישראל שיווק בעמ,יח`,,1,11.90,7.93
5313,אקס בודי ספריי אפולו,יוניליוור ישראל שיווק בעמ,יח`,,1,11.90,7.93
5314,אקס ספריי גוף גולד 150 מל,יוניליוור ישראל שיווק בעמ,יח`,,1,11.90,7.93
5315,אקס ספריי גוף אייס ציל 150 מל,יוניליוור ישראל שיווק בעמ,יח`,,1,11.90,7.93
5316,אקס ספריי גוף קולז`ן 150 מל,יוניליוור ישראל שיווק בעמ,יח`,,1,11.90,7.93
5317,אקס charge up protection 150 מל,יוניליוור ישראל שיווק בעמ,יח`,,1,19.90,13.27
5318,דאב תחליב רחצה חימר ירוק 500 מל,יוניליוור ישראל שיווק בעמ,יח`,,1,16.90,3.38
5319,דאב סבון מוצק רביעייה,יוניליוור ישראל שיווק בעמ,יח`,,1,12.90,3.23
5320,ענבים שחורים ארוז,שיווק פרי וירק בעמ-אזולאי את א,יח`,,1,12.90,12.90
5321,קולגייט מברשת 360 שלישייה,ש.שסטוביץ בעמ,יח`,,1,29.90,29.90
5322,משחת שיניים מקס וייט 125 מל קולגייט,ש.שסטוביץ בעמ,יח`,,1,14.90,14.90
5323,קולגייט משחת שיניים,ש.שסטוביץ בעמ,יח`,,1,19.90,19.90
5324,מרידול פור משחה לשיניים וחניכיים בריאות,ש.שסטוביץ בעמ,יח`,,1,26.90,35.87
5325,קולגייט טוטאל משחת שיניים קלין מינט לפה,ש.שסטוביץ בעמ,יח`,,1,14.90,14.90
5326,קולגייט טוטאל משחת שיניים ניקוי מתקדם לפ,ש.שסטוביץ בעמ,יח`,,1,14.90,14.90
5327,קולגייט טוטאל משחת שיניים פסים מרעענים ל,ש.שסטוביץ בעמ,יח`,,1,14.90,14.90
5328,ספריי שירותים טריגר אג`קס (500 מל),ש.שסטוביץ בעמ,יח`,,1,14.90,14.90
5329,זוג משחות שיניים קלין מינט 75 מל קולגי,ש.שסטוביץ בעמ,יח`,,1,19.90,19.90
5330,פלמוליב לגבר ג`ל רחצה ושמפו מרענן 750 מ,ש.שסטוביץ בעמ,יח`,,1,19.90,2.65
5331,סירופ לימונדה 500 מל סודה סטרים,סודהסטרים ישראל בעמ,יח`,,1,19.90,3.98
5332,סירופ פטל ופירות יער 500 מל סודה סטרים,סודהסטרים ישראל בעמ,יח`,,1,19.90,3.98
5333,סירופ תפוז 500 מל סודה סטרים,סודהסטרים ישראל בעמ,יח`,,1,19.90,3.98
5334,בלו בנד לבישול וטיגון 200 גר`,דיפלומט היינץ,יח`,,1,4.50,2.25
5335,בלו בנד בלי מלח 250 גר`,דיפלומט היינץ,יח`,,1,4.50,2.25
5336,מרגרינה מחמאה בטעם חמאה 200  גר`בלובנד,דיפלומט היינץ,יח`,,1,4.80,2.40
5337,מרגרינה למריחה בטעם חמאה (250 גרם) מזולה,דיפלומט היינץ,יח`,,1,10.90,4.36
5338,מרגרינה למריחה בטעם טבעי (250  גרם)מזולה,דיפלומט היינץ,יח`,,1,9.90,3.96
5339,גולדבנד-מרגינה  חלבי 250  גר`בלובנד,דיפלומט היינץ,יח`,,1,8.50,3.40
5340,מזולה אפייה ללא מלח 200 גר,דיפלומט היינץ,יח`,,1,6.90,3.45
5341,מנטוס רביעיה,ליימן שליסל בעמ,יח`,,1,11.90,11.90
5342,רוטב סויה טעמי אסיה (500 מל),טעמי אסיה בעמ,יח`,,1,14.90,2.98
5343,נס קפה קפוצ`ינו קרמל 170 גר`,קבוצת אסם סחר שות. מוגבלת,יח`,,1,20.90,12.29
5344,קפה טייסטרס צ`ויס בריסטה נסקפה (180 גרם),קבוצת אסם סחר שות. מוגבלת,יח`,,1,32.90,18.28
5345,קפה נמס טייסטרס צ`ויס 200 גר + מילוי 50,קבוצת אסם סחר שות. מוגבלת,יח`,,1,29.90,11.96
5346,חטיף אצות ים קלויות 9 יח עם מלח,טעמי אסיה בעמ,יח`,,1,27.90,68.89
5347,סאפה 300 מל אלוורה ענבים,טמפו משקאות בעמ,יח`,,1,6.90,2.20
5348,סאפה 300 מל אלוורה תפוח,טמפו משקאות בעמ,יח`,,1,6.90,2.20
5349,משקה אלוורה ענבים סאפה (1 ליטר),טמפו משקאות בעמ,יח`,,1,11.90,11.90
5350,משקה אלוורה אפרסק סאפה (1 ליטר),טמפו משקאות בעמ,יח`,,1,11.90,11.90
5351,סאפה 300 מל אלוורה מלון,טמפו משקאות בעמ,יח`,,1,6.90,2.20
5352,משקה אלוורה מלון סאפה (1 ליטר),טמפו משקאות בעמ,יח`,,1,11.90,11.90
5353,יוגטה חמצוצים מקלות 50 גר`,ליימן שליסל בעמ,יח`,,1,3.90,7.80
5354,חיספוסים מקלות בטעם קולה יוגטה (50 גרם),ליימן שליסל בעמ,יח`,,1,3.90,7.80
5355,יוגטה חמצוצים 50 גר`,ליימן שליסל בעמ,יח`,,1,3.90,7.80
5356,חיספוסים מקלות בטעם אבטיח יוגטה (50 גרם),ליימן שליסל בעמ,יח`,,1,3.90,7.80
5357,טונה פסיפיקו בשמ,זקארי יבוא ויצוא בעמ,יח`,,1,9.90,3.47
5358,רוטב דגים 300  מל- כשר,טעמי אסיה בעמ,יח`,,1,9.90,3.30
5359,רוטב צ`ילי מתוק וילי פוד (700 מל),ג.וילי-פוד אינטרנשיונל בעמ,יח`,,1,9.80,1.40
5360,סוללות אנרג ייזר-שמיניה,דנשר (1963) בעמ,יח`,,1,24.90,24.90
5361,סוללות אנרג ייזר-שמיניה,דנשר (1963) בעמ,יח`,,1,24.90,24.90
5362,סוללות אנרג`י 4+8 maxAAA,דנשר (1963) בעמ,יח`,,1,26.90,26.90
5363,מלפפונים בחומץ 690 גר` יורוסטנדרט,יורוסטנדרט בעמ,יח`,,1,8.90,1.29
5364,קורנישון בחומץ כפרי וביתי (690 גרם),יורוסטנדרט בעמ,יח`,,1,8.90,1.29
5365,אורז בסמטי דאווט וילי פוד (1 קג),ג.וילי-פוד אינטרנשיונל בעמ,יח`,,1,12.90,1.29
5366,גליליות וופל במילוי קרם אגוזי לוז 100 גר,אבאל יזמות בעמ,יח`,,1,3.90,3.90
5367,עוגיות חמאה בפח 340 גר` AVEL,אבאל יזמות בעמ,יח`,,1,11.90,3.50
5368,דפי אורז 250 גר`,דין שיווק וקליה בעמ,יח`,,1,9.90,3.96
5369,מוצצים 16+ סיליקון -בת (ורוד),אלפא קוסמטיקה בעמ,יח`,,1,39.90,39.90
5370,חטיף שוקולד אורגינל טים טם (200 גרם),משה סידס ובנו בעמ,יח`,,1,20.90,10.45
5371,חטיף שוקולד דאבל קרם טים טם (200 גרם),משה סידס ובנו בעמ,יח`,,1,20.90,10.45
5372,פריכיות תירס 150 גר`,דנשר (1963) בעמ,יח`,,1,13.90,9.27
5373,פריכיות תירס 150 גר`,דנשר (1963) בעמ,יח`,,1,13.90,9.27
5374,פריכיות תירס עם ארבע דגנים מלאים 150 גר`,דנשר (1963) בעמ,יח`,,1,13.90,9.27
5375,פריכיות תירס 150 גר`,דנשר (1963) בעמ,יח`,,1,13.90,9.27
5376,גבינת טופו בטעמים צוריאל,החב` המרכזית - טרה,יח`,,1,21.40,9.43
5377,שמנת טופו צוריאל,החב` המרכזית - טרה,יח`,,1,21.40,6.29
