,ChainID,StoreID,ItemCode,PromotionID,PromotionDescription,PromotionStartDate,PromotionStartHour,PromotionEndDate,PromotionEndHour,MinQty,DiscountedPrice,DiscountedPricePerMida
0,72906,,7290104857041,,4ב10 כוסות שתיה קרה,2019/10/27,06:00:00,2020/05/30,23:59:00,4,10,0
1,72906,,7290001265116,,16.90 מטרנה גם וגם מעל 100 מוגבל ל1 יחידה,2019/10/27,06:00:00,2020/05/30,23:59:00,1,16.90,5.63
2,72906,,7290014581036,,2ב20 פחם 2קג,2019/10/27,06:00:00,2020/05/30,23:59:00,2,20,0.50
3,72906,,7290015253055,,2ב20 פחם 2קג,2019/10/27,06:00:00,2020/05/30,23:59:00,2,20,0.50
4,72906,,7290104855122,,2ב10 כוסות שתיה חמה פאלס,2019/12/01,06:00:00,2020/05/30,06:59:00,2,10,0.10
5,72906,,7290104857416,,2ב10 כוסות שתיה חמה פאלס,2019/12/01,06:00:00,2020/05/30,06:59:00,2,10,0
6,72906,,7290002077725,,2ב25 סלמון מצונן נטו,2019/10/27,06:00:00,2020/05/30,23:59:00,2,25,25
7,72906,,7290016150117,,2ב10 סלק וואקום,2020/04/21,06:00:00,2020/05/30,23:00:00,2,10,0
8,72906,,7290016150742,,2ב22 פירות קפואים 300 גר,2019/10/20,06:00:00,2020/05/30,23:00:00,2,22,3.67
9,72906,,1714676,,49.90קוביות לגולש טרי ארוז חלק מעל 100,2020/02/27,06:00:00,2020/05/30,23:59:00,1,49.90,0
10,72906,,1714669,,69.90פילה מדומה טרי חלק מעל 100 מוגבל,2020/02/27,06:00:00,2020/05/30,23:59:00,1,69.90,0
11,72906,,7290010676590,,2ב15.90ירקות קפואים 600-800 גר',2019/11/12,06:00:00,2020/05/30,23:59:00,2,15.90,0.99
12,72906,,7290010676637,,2ב15.90ירקות קפואים 600-800 גר',2019/11/12,06:00:00,2020/05/30,23:59:00,2,15.90,0.99
13,72906,,7290017616179,,2ב15.90ירקות קפואים 600-800 גר',2019/11/12,06:00:00,2020/05/30,23:59:00,2,15.90,0.99
14,72906,,7290011447267,,44.90מטרנה חלבית/מהדרין מעל 100 מוגבל 2,2019/12/29,06:00:00,2020/05/30,23:59:00,1,44.90,6.41
15,72906,,7290011447304,,44.90מטרנה חלבית/מהדרין מעל 100 מוגבל 2,2019/12/29,06:00:00,2020/05/30,23:59:00,1,44.90,6.41
16,72906,,7290011447373,,44.90מטרנה חלבית/מהדרין מעל 100 מוגבל 2,2019/12/29,06:00:00,2020/05/30,23:59:00,1,44.90,6.41
17,72906,,5900535009705,,4ב12 בירה מולר/ואן פור בקבוק 500 מל,2020/03/08,06:00:00,2020/05/30,23:00:00,4,12,0.54
18,72906,,4079400330129,,"3ב15בירה וולטרס 4.9% פחית 500 מ""ל",2020/04/19,06:00:00,2020/05/30,23:59:00,3,15,0.94
19,72906,,4079400182742,,"24.90בירה פילסנר  4.9% 330מ""ל בקבוק שישייה",2020/04/19,06:00:00,2020/05/30,23:59:00,1,24.90,11.67
20,72906,,7290000909387,,"2ב18ניוקי תפו""א/ניוקי בטטה 1 קג' אבאל",2020/04/19,06:00:00,2020/05/30,23:59:00,2,18,0.90
21,72906,,7290900010664,,"2ב18ניוקי תפו""א/ניוקי בטטה 1 קג' אבאל",2020/04/19,06:00:00,2020/05/30,23:59:00,2,18,0.90
22,72906,,7290112120779,,3ב20עלי גפן 400 גר'/לבבות דקל שלמים 400 גר' אבאל,2020/04/19,06:00:00,2020/05/30,23:59:00,3,20,1.67
23,72906,,7290900011135,,3ב20עלי גפן 400 גר'/לבבות דקל שלמים 400 גר' אבאל,2020/04/19,06:00:00,2020/05/30,23:59:00,3,20,1.67
24,72906,,7290900010367,,2ב15טורטייה שמינייה 360 גר' אבאל,2020/04/19,06:00:00,2020/05/30,23:59:00,2,15,2.08
25,72906,,7290016150711,,2ב10נוזל קוקוס 400 גר' אבאל,2020/04/19,06:00:00,2020/05/30,23:59:00,2,10,1.25
26,72906,,608614310395,,3ב10קוסקוס 350 גר' חיטת דורות אבאל,2020/04/19,06:00:00,2020/05/30,23:59:00,3,10,0.95
27,72906,,8906064282371,,9.90עוגיות חמאה בפח 340 גר' אבאל,2020/04/19,06:00:00,2020/05/30,23:59:00,1,9.90,2.91
28,72906,,8906009801575,,3ב10גליליות וופל במילוי 100 גר' אבאל,2020/04/19,06:00:00,2020/05/30,23:59:00,3,10,10
29,72906,,8906009801599,,3ב10גליליות וופל במילוי 100 גר' אבאל,2020/04/19,06:00:00,2020/05/30,23:59:00,3,10,10
30,72906,,5201360521241,,3ב10קרואסון אישי במילוי 60-65 גר' DAYS7,2020/04/19,06:00:00,2020/05/30,23:59:00,3,10,5.13
31,72906,,5201360797097,,2ב18עוגות ספוג אישיות מצופות שמינייה DAYS7,2020/04/19,06:00:00,2020/05/30,23:59:00,2,18,0
32,72906,,5201360797196,,2ב18עוגות ספוג אישיות מצופות שמינייה DAYS7,2020/04/19,06:00:00,2020/05/30,23:59:00,2,18,0
33,72906,,5201360724147,,2ב18רולדות אישיות מצופות שמינייה DAYS7,2020/04/19,06:00:00,2020/05/30,23:59:00,2,18,0
34,72906,,5201360724741,,2ב18רולדות אישיות מצופות שמינייה DAYS7,2020/04/19,06:00:00,2020/05/30,23:59:00,2,18,0
35,72906,,3061990141118,,2ב15עוגיות סמיילי במילוי 175 גר' MINI BN,2020/04/19,06:00:00,2020/05/30,23:59:00,2,15,4.29
36,72906,,7290002304609,,17.90קונפיטורה ענבי ציון 600 גר' (לא כולל לייט),2020/04/19,06:00:00,2020/05/30,23:59:00,1,17.90,2.56
37,72906,,7290002304616,,17.90קונפיטורה ענבי ציון 600 גר' (לא כולל לייט),2020/04/19,06:00:00,2020/05/30,23:59:00,1,17.90,2.98
38,72906,,7290002304623,,17.90קונפיטורה ענבי ציון 600 גר' (לא כולל לייט),2020/04/19,06:00:00,2020/05/30,23:59:00,1,17.90,2.98
39,72906,,7290013284051,,2ב15פריניר זיתים חרוזית מושחר/חרוזית ירוק/זיתים טריו,2020/04/19,06:00:00,2020/05/30,23:59:00,2,15,1.34
40,72906,,7290013284075,,2ב15פריניר זיתים חרוזית מושחר/חרוזית ירוק/זיתים טריו,2020/04/19,06:00:00,2020/05/30,23:59:00,2,15,1.34
41,72906,,7290013284082,,2ב15פריניר זיתים חרוזית מושחר/חרוזית ירוק/זיתים טריו,2020/04/19,06:00:00,2020/05/30,23:59:00,2,15,1.34
42,72906,,7290013284112,,2ב15פריניר זיתים חרוזית מושחר/חרוזית ירוק/זיתים טריו,2020/04/19,06:00:00,2020/05/30,23:59:00,2,15,0
43,72906,,7290013284150,,2ב15פריניר מלפפון במלח 13-17 560 גר',2020/04/19,06:00:00,2020/05/30,23:59:00,2,15,1.34
44,72906,,7290002019794,,8ב10פריניר רסק עגבניות 100 גר',2020/04/19,06:00:00,2020/05/30,23:59:00,8,10,10
45,72906,,7290002019787,,2ב5.90פריניר רסק עגבניות 260 גר',2020/04/19,06:00:00,2020/05/30,23:59:00,2,5.90,1.13
46,72906,,7290002019114,,2ב11.90פריניר רסק עגבניות 580 גר'/מרוסקות 800 גר',2020/04/19,06:00:00,2020/05/30,23:59:00,2,11.90,1.03
47,72906,,7290002019763,,2ב11.90פריניר רסק עגבניות 580 גר'/מרוסקות 800 גר',2020/04/19,06:00:00,2020/05/30,23:59:00,2,11.90,0.74
48,72906,,7290013284662,,2ב8.90פריניר רטבים 230-240 גר',2020/04/19,06:00:00,2020/05/30,23:59:00,2,8.90,1.85
49,72906,,7290016087147,,2ב8.90פריניר רטבים 230-240 גר',2020/04/19,06:00:00,2020/05/30,23:59:00,2,8.90,1.93
50,72906,,7290016449952,,"2ב50שמן זית כתית מעולה 750 מ""ל סבא חביב",2020/04/19,06:00:00,2020/05/30,23:59:00,2,50,3.33
51,72906,,7290011593117,,2ב35זית סורי ירוק מבוקע 800 גר' סבא חביב,2020/04/19,06:00:00,2020/05/30,23:59:00,2,35,2.19
52,72906,,7290018023006,,9.90זיתים 215 גר' סבא חביב,2020/04/19,06:00:00,2020/05/30,23:59:00,1,9.90,4.60
53,72906,,7290018023020,,9.90זיתים 215 גר' סבא חביב,2020/04/19,06:00:00,2020/05/30,23:59:00,1,9.90,4.60
54,72906,,7290018131138,,17.90גלידות לה קרמריה נסטלה 1.4 ליטר,2020/04/16,06:00:00,2020/05/30,23:59:00,1,17.90,1.28
55,72906,,7290106576797,,17.90גלידות לה קרמריה נסטלה 1.4 ליטר,2020/04/16,06:00:00,2020/05/30,23:59:00,1,17.90,1.28
56,72906,,7290106576810,,17.90גלידות לה קרמריה נסטלה 1.4 ליטר,2020/04/16,06:00:00,2020/05/30,23:59:00,1,17.90,1.28
57,72906,,7290106576834,,17.90גלידות לה קרמריה נסטלה 1.4 ליטר,2020/04/16,06:00:00,2020/05/30,23:59:00,1,17.90,12.79
58,72906,,7290106576858,,17.90גלידות לה קרמריה נסטלה 1.4 ליטר,2020/04/16,06:00:00,2020/05/30,23:59:00,1,17.90,1.28
59,72906,,7290106576919,,17.90גלידות לה קרמריה נסטלה 1.4 ליטר,2020/04/16,06:00:00,2020/05/30,23:59:00,1,17.90,1.28
60,72906,,7290106576971,,17.90גלידות לה קרמריה נסטלה 1.4 ליטר,2020/04/16,06:00:00,2020/05/30,23:59:00,1,17.90,1.28
61,72906,,7290106577039,,17.90גלידות לה קרמריה נסטלה 1.4 ליטר,2020/04/16,06:00:00,2020/05/30,23:59:00,1,17.90,1.28
62,72906,,7290107875400,,17.90גלידות לה קרמריה נסטלה 1.4 ליטר,2020/04/16,06:00:00,2020/05/30,23:59:00,1,17.90,1.28
63,72906,,7290111565038,,17.90גלידות לה קרמריה נסטלה 1.4 ליטר,2020/04/16,06:00:00,2020/05/30,23:59:00,1,17.90,1.28
64,72906,,7290107871532,,11.90מאגדת קרחונים מלון דובדבן נסטלה,2020/04/16,06:00:00,2020/05/30,23:59:00,1,11.90,1.49
65,72906,,7290011515683,,24.90מאגדות אקסטרים נסטלה שישייה,2020/04/16,06:00:00,2020/05/30,23:59:00,1,24.90,5.76
66,72906,,7290012696848,,10ב10 תבניות אלומניום,2020/04/05,06:00:00,2020/05/30,23:59:00,10,10,0
67,72906,,7301,,10ב10 תבניות אלומניום,2020/04/05,06:00:00,2020/05/30,23:59:00,10,10,0
68,72906,,7304,,6ב10 תבניות אלומניום ענק,2020/04/05,06:00:00,2020/05/30,23:59:00,6,10,0
69,72906,,7302,,20ב10 תבניות אלומניום,2020/04/05,06:00:00,2020/05/30,23:59:00,20,10,0
70,72906,,2627203,,69.90 מוח בקר קפוא כשרות רבנות,2020/04/12,06:00:00,2020/05/05,23:59:00,1,69.90,0
71,72906,,7290015833127,,"2ב30ג'ל לניקוי ידיים 200 מ""ל",2020/05/03,06:00:00,2020/05/30,23:59:00,2,30,0
72,72906,,7290000416045,,21.90ממרח השחר 1 קג',2020/05/03,06:00:00,2020/05/30,23:59:00,1,21.90,21.90
73,72906,,7290000053981,,2ב45 יופלה שמינייה,2020/05/03,06:00:00,2020/05/16,23:55:00,2,45,18.75
74,72906,,7290000056883,,2ב45 יופלה שמינייה,2020/05/03,06:00:00,2020/05/16,23:55:00,2,45,1.88
75,72906,,7290000056890,,2ב45 יופלה שמינייה,2020/05/03,06:00:00,2020/05/16,23:55:00,2,45,1.88
76,72906,,7290004121525,,2ב45 יופלה שמינייה,2020/05/03,06:00:00,2020/05/16,23:55:00,2,45,18.75
77,72906,,7290000056906,,2ב28 מאגדת שמינייה יופלה - תנובה,2020/05/03,06:00:00,2020/05/16,23:59:00,2,28,1.17
78,72906,,7290004129767,,2ב28 מאגדת שמינייה יופלה - תנובה,2020/05/03,06:00:00,2020/05/16,23:59:00,2,28,1.17
79,72906,,7290014758100,,2ב28 מאגדת שמינייה יופלה - תנובה,2020/05/03,06:00:00,2020/05/16,23:59:00,2,28,1.17
80,72906,,7290014758117,,2ב28 מאגדת שמינייה יופלה - תנובה,2020/05/03,06:00:00,2020/05/16,23:59:00,2,28,1.17
81,72906,,7290004133511,,2ב30 יופלה מעודן 150 גר' מאגדת שמינייה,2020/05/03,06:00:00,2020/05/16,23:55:00,2,30,12.50
82,72906,,7290110321031,,"4ב20 יופלה משקה יוגורט 250 מ""ל GO-תנובה",2020/05/03,06:00:00,2020/05/16,23:55:00,4,20,2.50
83,72906,,7290110321048,,"4ב20 יופלה משקה יוגורט 250 מ""ל GO-תנובה",2020/05/03,06:00:00,2020/05/16,23:55:00,4,20,2.50
84,72906,,7290110321680,,"4ב20 יופלה משקה יוגורט 250 מ""ל GO-תנובה",2020/05/03,06:00:00,2020/05/16,23:55:00,4,20,2.50
85,72906,,7290110321697,,"4ב20 יופלה משקה יוגורט 250 מ""ל GO-תנובה",2020/05/03,06:00:00,2020/05/16,23:55:00,4,20,2.50
86,72906,,7290110321703,,"4ב20 יופלה משקה יוגורט 250 מ""ל GO-תנובה",2020/05/03,06:00:00,2020/05/16,23:55:00,4,20,2.50
87,72906,,7290110323066,,"4ב20 יופלה משקה יוגורט 250 מ""ל GO-תנובה",2020/05/03,06:00:00,2020/05/16,23:55:00,4,20,0
88,72906,,7290110323073,,"4ב20 יופלה משקה יוגורט 250 מ""ל GO-תנובה",2020/05/03,06:00:00,2020/05/16,23:55:00,4,20,0
89,72906,,7290110323202,,"4ב20 יופלה משקה יוגורט 250 מ""ל GO-תנובה",2020/05/03,06:00:00,2020/05/16,23:55:00,4,20,2.50
90,72906,,7290110323585,,"4ב20 יופלה משקה יוגורט 250 מ""ל GO-תנובה",2020/05/03,06:00:00,2020/05/16,23:55:00,4,20,2.50
91,72906,,7290110323608,,"4ב20 יופלה משקה יוגורט 250 מ""ל GO-תנובה",2020/05/03,06:00:00,2020/05/16,23:55:00,4,20,2.50
92,72906,,7290110324353,,"4ב20 יופלה משקה יוגורט 250 מ""ל GO-תנובה",2020/05/03,06:00:00,2020/05/16,23:55:00,4,20,2.50
93,72906,,7290110325114,,"4ב20 יופלה משקה יוגורט 250 מ""ל GO-תנובה",2020/05/03,06:00:00,2020/05/16,23:55:00,4,20,0
94,72906,,7290110325886,,"4ב20 יופלה משקה יוגורט 250 מ""ל GO-תנובה",2020/05/03,06:00:00,2020/05/16,23:55:00,4,20,2
95,72906,,2043,,2ב10 צנונית ארוזה,2020/04/26,06:00:00,2020/05/30,23:55:00,2,10,0
96,72906,,2036,,2.90 עגבנייה מעל 50  מוגבל ל 3קג,2020/05/03,06:00:00,2020/05/30,23:00:00,1,2.90,0
97,72906,,2058,,2.90תפוא לבן מעל 50 מוגבל שק,2020/05/03,06:00:00,2020/05/30,23:00:00,1,2.90,0
98,72906,,2014,,2.90 גזר ארוז מעל 50 מוגבל 3קג,2020/05/03,06:00:00,2020/05/30,23:00:00,1,2.90,0
99,72906,,2024,,2.90 כרוב לבן מעל 50 מוגבל ל 3קג,2020/05/03,06:00:00,2020/05/30,23:00:00,1,2.90,0
100,72906,,2010,,2.90 בצל יבש מעל 50 מוגבל ל 3קג,2020/05/03,06:00:00,2020/05/30,23:00:00,1,2.90,0
101,72906,,2074,,2ב15 עגבניות שרי ארוזות,2020/04/30,06:00:00,2020/05/04,23:00:00,2,15,0
102,72906,,282305,,2ב99 דג לברק טרי שלם נקי מעל 100 מוגבל מימוש,2020/05/04,06:00:00,2020/05/09,23:59:00,2,99,0
103,72906,,23489,,49.90 סלמון טרי שלם מעל 100 מוגבל 3קג,2020/05/04,06:00:00,2020/05/09,23:00:00,1,49.90,0
104,72906,,7290014760141,,2ב20 משקה שקדים 1 ליטר תנובה,2020/05/03,06:00:00,2020/05/16,23:55:00,2,20,1
105,72906,,7290110323714,,2ב20 משקה שקדים 1 ליטר תנובה,2020/05/03,06:00:00,2020/05/16,23:55:00,2,20,1
106,72906,,4934422,,59.90סטייק אנגוס רבנות חלק מעל 100,2020/05/03,06:00:00,2020/05/30,23:55:00,1,59.90,59.90
107,72906,,3187140,,49.90סינטה עגל מצונן רבנות חלק מעל 100,2020/05/03,06:00:00,2020/05/30,23:30:00,1,49.90,0
108,72906,,7290011765217,,"9.90ג'ל לניקוי ידיים בתוספת אלוורה  100 מ""ל סנו",2020/05/03,06:00:00,2020/05/30,06:00:00,1,9.90,9.90
109,72906,,16000423534,,5%למשלמים בכרטיס אשראי ויקטורי,2020/02/04,06:00:00,2020/05/30,23:59:00,1,18.91,9
110,72906,,16000548404,,5%למשלמים בכרטיס אשראי ויקטורי,2020/02/04,06:00:00,2020/05/30,23:59:00,1,18.91,10.81
111,72906,,16000548909,,5%למשלמים בכרטיס אשראי ויקטורי,2020/02/04,06:00:00,2020/05/30,23:59:00,1,18.91,9
112,72906,,3387390320244,,5%למשלמים בכרטיס אשראי ויקטורי,2020/02/04,06:00:00,2020/05/30,23:59:00,1,18.91,5.04
113,72906,,3387390525960,,5%למשלמים בכרטיס אשראי ויקטורי,2020/02/04,06:00:00,2020/05/30,23:59:00,1,24.61,4.92
114,72906,,3387390730852,,5%למשלמים בכרטיס אשראי ויקטורי,2020/02/04,06:00:00,2020/05/30,23:59:00,1,18.91,5.04
115,72906,,38527591053,,5%למשלמים בכרטיס אשראי ויקטורי,2020/02/04,06:00:00,2020/05/30,23:59:00,1,18.91,4.59
116,72906,,38527591060,,5%למשלמים בכרטיס אשראי ויקטורי,2020/02/04,06:00:00,2020/05/30,23:59:00,1,18.91,4.59
117,72906,,4011800567613,,5%למשלמים בכרטיס אשראי ויקטורי,2020/02/04,06:00:00,2020/05/30,23:59:00,1,15.11,12.59
118,72906,,4011800568610,,5%למשלמים בכרטיס אשראי ויקטורי,2020/02/04,06:00:00,2020/05/30,23:59:00,1,11.31,9.43
119,72906,,4011800628512,,5%למשלמים בכרטיס אשראי ויקטורי,2020/02/04,06:00:00,2020/05/30,23:59:00,1,11.31,7.54
120,72906,,4011800629519,,5%למשלמים בכרטיס אשראי ויקטורי,2020/02/04,06:00:00,2020/05/30,23:59:00,1,11.31,7.54
121,72906,,4011800632519,,5%למשלמים בכרטיס אשראי ויקטורי,2020/02/04,06:00:00,2020/05/30,23:59:00,1,11.31,7.54
122,72906,,4011800633516,,5%למשלמים בכרטיס אשראי ויקטורי,2020/02/04,06:00:00,2020/05/30,23:59:00,1,11.31,7.54
123,72906,,5900020015174,,5%למשלמים בכרטיס אשראי ויקטורי,2020/02/04,06:00:00,2020/05/30,23:59:00,1,15.11,10.72
124,72906,,5900020018908,,5%למשלמים בכרטיס אשראי ויקטורי,2020/02/04,06:00:00,2020/05/30,23:59:00,1,15.11,10.72
125,72906,,5900020020741,,5%למשלמים בכרטיס אשראי ויקטורי,2020/02/04,06:00:00,2020/05/30,23:59:00,1,16.06,10.71
126,72906,,5900020022325,,5%למשלמים בכרטיס אשראי ויקטורי,2020/02/04,06:00:00,2020/05/30,23:59:00,1,16.06,10.71
127,72906,,5900020024817,,5%למשלמים בכרטיס אשראי ויקטורי,2020/02/04,06:00:00,2020/05/30,23:59:00,1,15.11,11.19
128,72906,,5900020025647,,5%למשלמים בכרטיס אשראי ויקטורי,2020/02/04,06:00:00,2020/05/30,23:59:00,1,15.11,11.19
129,72906,,5900020026552,,5%למשלמים בכרטיס אשראי ויקטורי,2020/02/04,06:00:00,2020/05/30,23:59:00,1,25.56,4.09
130,72906,,5900020029669,,5%למשלמים בכרטיס אשראי ויקטורי,2020/02/04,06:00:00,2020/05/30,23:59:00,1,16.06,68.34
131,72906,,5900020031877,,5%למשלמים בכרטיס אשראי ויקטורי,2020/02/04,06:00:00,2020/05/30,23:59:00,1,16.06,10.71
132,72906,,5900020033314,,5%למשלמים בכרטיס אשראי ויקטורי,2020/02/04,06:00:00,2020/05/30,23:59:00,1,15.11,10.07
133,72906,,5900020034021,,5%למשלמים בכרטיס אשראי ויקטורי,2020/02/04,06:00:00,2020/05/30,23:59:00,1,15.11,10.72
134,72906,,5900020034991,,5%למשלמים בכרטיס אשראי ויקטורי,2020/02/04,06:00:00,2020/05/30,23:59:00,1,25.56,5.68
135,72906,,7290000072968,,5%למשלמים בכרטיס אשראי ויקטורי,2020/02/04,06:00:00,2020/05/30,23:59:00,1,25.56,6.82
136,72906,,7290000114255,,5%למשלמים בכרטיס אשראי ויקטורי,2020/02/04,06:00:00,2020/05/30,23:59:00,1,13.21,2.64
137,72906,,7290000168173,,5%למשלמים בכרטיס אשראי ויקטורי,2020/02/04,06:00:00,2020/05/30,23:59:00,1,21.76,5.80
138,72906,,7290000169798,,5%למשלמים בכרטיס אשראי ויקטורי,2020/02/04,06:00:00,2020/05/30,23:59:00,1,17.96,3.59
139,72906,,7290000480107,,5%למשלמים בכרטיס אשראי ויקטורי,2020/02/04,06:00:00,2020/05/30,23:59:00,1,11.31,2.26
140,72906,,7290001343845,,5%למשלמים בכרטיס אשראי ויקטורי,2020/02/04,06:00:00,2020/05/30,23:59:00,1,18.91,18.91
141,72906,,7290002007173,,5%למשלמים בכרטיס אשראי ויקטורי,2020/02/04,06:00:00,2020/05/30,23:59:00,1,3.71,1.86
142,72906,,7290002543237,,5%למשלמים בכרטיס אשראי ויקטורי,2020/02/04,06:00:00,2020/05/30,23:59:00,1,13.21,1.76
143,72906,,7290002842002,,5%למשלמים בכרטיס אשראי ויקטורי,2020/02/04,06:00:00,2020/05/30,23:59:00,1,9.41,1.88
144,72906,,7290003411849,,5%למשלמים בכרטיס אשראי ויקטורי,2020/02/04,06:00:00,2020/05/30,23:59:00,1,9.50,2.38
145,72906,,7290003411856,,5%למשלמים בכרטיס אשראי ויקטורי,2020/02/04,06:00:00,2020/05/30,23:59:00,1,9.50,2.38
146,72906,,7290005095894,,5%למשלמים בכרטיס אשראי ויקטורי,2020/02/04,06:00:00,2020/05/30,23:59:00,1,16.06,3.57
147,72906,,7290008989169,,5%למשלמים בכרטיס אשראי ויקטורי,2020/02/04,06:00:00,2020/05/30,23:59:00,1,15.20,3.04
148,72906,,7290010153541,,5%למשלמים בכרטיס אשראי ויקטורי,2020/02/04,06:00:00,2020/05/30,23:59:00,1,10.36,2.07
149,72906,,7290011668570,,5%למשלמים בכרטיס אשראי ויקטורי,2020/02/04,06:00:00,2020/05/30,23:59:00,1,28.41,5.68
150,72906,,7290013867421,,5%למשלמים בכרטיס אשראי ויקטורי,2020/02/04,06:00:00,2020/05/30,23:59:00,1,12.26,4.09
151,72906,,7290014095960,,5%למשלמים בכרטיס אשראי ויקטורי,2020/02/04,06:00:00,2020/05/30,23:59:00,1,5.61,1.12
152,72906,,7290014471436,,5%למשלמים בכרטיס אשראי ויקטורי,2020/02/04,06:00:00,2020/05/30,23:59:00,1,18.91,1.89
153,72906,,7290014471443,,5%למשלמים בכרטיס אשראי ויקטורי,2020/02/04,06:00:00,2020/05/30,23:59:00,1,18.91,1.89
154,72906,,7290014471771,,5%למשלמים בכרטיס אשראי ויקטורי,2020/02/04,06:00:00,2020/05/30,23:59:00,1,9.50,2.38
155,72906,,7290014525016,,5%למשלמים בכרטיס אשראי ויקטורי,2020/02/04,06:00:00,2020/05/30,23:59:00,1,10.36,5.69
156,72906,,7290014525290,,5%למשלמים בכרטיס אשראי ויקטורי,2020/02/04,06:00:00,2020/05/30,23:59:00,1,10.36,8.63
157,72906,,7290014525306,,5%למשלמים בכרטיס אשראי ויקטורי,2020/02/04,06:00:00,2020/05/30,23:59:00,1,10.36,8.29
158,72906,,7290014525313,,5%למשלמים בכרטיס אשראי ויקטורי,2020/02/04,06:00:00,2020/05/30,23:59:00,1,10.36,8.29
159,72906,,7290100702987,,5%למשלמים בכרטיס אשראי ויקטורי,2020/02/04,06:00:00,2020/05/30,23:59:00,1,4.66,0.93
160,72906,,7290100703564,,5%למשלמים בכרטיס אשראי ויקטורי,2020/02/04,06:00:00,2020/05/30,23:59:00,1,4.66,0.93
161,72906,,7290106577961,,5%למשלמים בכרטיס אשראי ויקטורי,2020/02/04,06:00:00,2020/05/30,23:59:00,1,17.01,5
162,72906,,7290107643917,,5%למשלמים בכרטיס אשראי ויקטורי,2020/02/04,06:00:00,2020/05/30,23:59:00,1,21.76,5.44
163,72906,,7290107646147,,5%למשלמים בכרטיס אשראי ויקטורי,2020/02/04,06:00:00,2020/05/30,23:59:00,1,14.16,9.08
164,72906,,7290107646154,,5%למשלמים בכרטיס אשראי ויקטורי,2020/02/04,06:00:00,2020/05/30,23:59:00,1,14.16,11.24
165,72906,,7290107646826,,5%למשלמים בכרטיס אשראי ויקטורי,2020/02/04,06:00:00,2020/05/30,23:59:00,1,14.16,9.08
166,72906,,7290107646833,,5%למשלמים בכרטיס אשראי ויקטורי,2020/02/04,06:00:00,2020/05/30,23:59:00,1,14.16,10.26
167,72906,,7290107647731,,5%למשלמים בכרטיס אשראי ויקטורי,2020/02/04,06:00:00,2020/05/30,23:59:00,1,20.81,5.55
168,72906,,7290107647748,,5%למשלמים בכרטיס אשראי ויקטורי,2020/02/04,06:00:00,2020/05/30,23:59:00,1,20.81,4.16
169,72906,,7290107647762,,5%למשלמים בכרטיס אשראי ויקטורי,2020/02/04,06:00:00,2020/05/30,23:59:00,1,15.11,2.01
170,72906,,7290107647816,,5%למשלמים בכרטיס אשראי ויקטורי,2020/02/04,06:00:00,2020/05/30,23:59:00,1,21.76,4.35
171,72906,,7290107647823,,5%למשלמים בכרטיס אשראי ויקטורי,2020/02/04,06:00:00,2020/05/30,23:59:00,1,21.76,4.35
172,72906,,7290107647854,,5%למשלמים בכרטיס אשראי ויקטורי,2020/02/04,06:00:00,2020/05/30,23:59:00,1,17.96,3.59
173,72906,,7290107942126,,5%למשלמים בכרטיס אשראי ויקטורי,2020/02/04,06:00:00,2020/05/30,23:59:00,1,17.01,4.25
174,72906,,7290107947466,,5%למשלמים בכרטיס אשראי ויקטורי,2020/02/04,06:00:00,2020/05/30,23:59:00,1,14.16,8.43
175,72906,,7290107947480,,5%למשלמים בכרטיס אשראי ויקטורי,2020/02/04,06:00:00,2020/05/30,23:59:00,1,14.16,8.43
176,72906,,7290109358765,,5%למשלמים בכרטיס אשראי ויקטורי,2020/02/04,06:00:00,2020/05/30,23:59:00,1,25.56,5.68
177,72906,,7290110563868,,5%למשלמים בכרטיס אשראי ויקטורי,2020/02/04,06:00:00,2020/05/30,23:59:00,1,14.16,9.83
178,72906,,7290110563912,,5%למשלמים בכרטיס אשראי ויקטורי,2020/02/04,06:00:00,2020/05/30,23:59:00,1,14.16,9.83
179,72906,,7290110563929,,5%למשלמים בכרטיס אשראי ויקטורי,2020/02/04,06:00:00,2020/05/30,23:59:00,1,14.16,9.83
180,72906,,7290112335937,,5%למשלמים בכרטיס אשראי ויקטורי,2020/02/04,06:00:00,2020/05/30,23:59:00,1,14.16,9.83
181,72906,,7290112346186,,5%למשלמים בכרטיס אשראי ויקטורי,2020/02/04,06:00:00,2020/05/30,23:59:00,1,17.01,15.19
182,72906,,7290112346193,,5%למשלמים בכרטיס אשראי ויקטורי,2020/02/04,06:00:00,2020/05/30,23:59:00,1,17.01,15.19
183,72906,,7290112346209,,5%למשלמים בכרטיס אשראי ויקטורי,2020/02/04,06:00:00,2020/05/30,23:59:00,1,17.01,15.19
184,72906,,7290112491701,,5%למשלמים בכרטיס אשראי ויקטורי,2020/02/04,06:00:00,2020/05/30,23:59:00,1,21.76,5.80
185,72906,,7290112494351,,5%למשלמים בכרטיס אשראי ויקטורי,2020/02/04,06:00:00,2020/05/30,23:59:00,1,17.96,2.11
186,72906,,7290112494993,,5%למשלמים בכרטיס אשראי ויקטורי,2020/02/04,06:00:00,2020/05/30,23:59:00,1,28.41,4.14
187,72906,,7290112495006,,5%למשלמים בכרטיס אשראי ויקטורי,2020/02/04,06:00:00,2020/05/30,23:59:00,1,23.66,3.45
188,72906,,7290112495020,,5%למשלמים בכרטיס אשראי ויקטורי,2020/02/04,06:00:00,2020/05/30,23:59:00,1,28.41,4.14
189,72906,,7290112495037,,5%למשלמים בכרטיס אשראי ויקטורי,2020/02/04,06:00:00,2020/05/30,23:59:00,1,20.81,5.55
190,72906,,7290112495044,,5%למשלמים בכרטיס אשראי ויקטורי,2020/02/04,06:00:00,2020/05/30,23:59:00,1,20.81,5.55
191,72906,,7290112495099,,5%למשלמים בכרטיס אשראי ויקטורי,2020/02/04,06:00:00,2020/05/30,23:59:00,1,20.81,5.55
192,72906,,7290112495228,,5%למשלמים בכרטיס אשראי ויקטורי,2020/02/04,06:00:00,2020/05/30,23:59:00,1,16.06,3.32
193,72906,,7290112495433,,5%למשלמים בכרטיס אשראי ויקטורי,2020/02/04,06:00:00,2020/05/30,23:59:00,1,21.76,5.44
194,72906,,7290112495471,,5%למשלמים בכרטיס אשראי ויקטורי,2020/02/04,06:00:00,2020/05/30,23:59:00,1,17.01,3.40
195,72906,,7613030979647,,5%למשלמים בכרטיס אשראי ויקטורי,2020/02/04,06:00:00,2020/05/30,23:59:00,1,25.56,5.33
196,72906,,7613032045753,,5%למשלמים בכרטיס אשראי ויקטורי,2020/02/04,06:00:00,2020/05/30,23:59:00,1,18.91,5.04
197,72906,,7613035622623,,5%למשלמים בכרטיס אשראי ויקטורי,2020/02/04,06:00:00,2020/05/30,23:59:00,1,15.11,5.04
198,72906,,7613035758834,,5%למשלמים בכרטיס אשראי ויקטורי,2020/02/04,06:00:00,2020/05/30,23:59:00,1,15.11,5.04
199,72906,,7613036045544,,5%למשלמים בכרטיס אשראי ויקטורי,2020/02/04,06:00:00,2020/05/30,23:59:00,1,21.76,4.73
200,72906,,7613036387798,,5%למשלמים בכרטיס אשראי ויקטורי,2020/02/04,06:00:00,2020/05/30,23:59:00,1,18.91,5.40
201,72906,,7613037686906,,5%למשלמים בכרטיס אשראי ויקטורי,2020/02/04,06:00:00,2020/05/30,23:59:00,1,18.91,5.33
202,72906,,7613038451954,,5%למשלמים בכרטיס אשראי ויקטורי,2020/02/04,06:00:00,2020/05/30,23:59:00,1,22.71,5.54
203,72906,,835811006466,,5%למשלמים בכרטיס אשראי ויקטורי,2020/02/04,06:00:00,2020/05/30,23:59:00,1,7.51,1.50
204,72906,,8410076610379,,5%למשלמים בכרטיס אשראי ויקטורי,2020/02/04,06:00:00,2020/05/30,23:59:00,1,23.66,11.27
205,72906,,8410076610508,,5%למשלמים בכרטיס אשראי ויקטורי,2020/02/04,06:00:00,2020/05/30,23:59:00,1,18.91,12.61
206,72906,,8410076620507,,5%למשלמים בכרטיס אשראי ויקטורי,2020/02/04,06:00:00,2020/05/30,23:59:00,1,18.91,9.95
207,72906,,8423207207362,,5%למשלמים בכרטיס אשראי ויקטורי,2020/02/04,06:00:00,2020/05/30,23:59:00,1,10.36,8.63
208,72906,,8423207208680,,5%למשלמים בכרטיס אשראי ויקטורי,2020/02/04,06:00:00,2020/05/30,23:59:00,1,10.36,13.28
209,72906,,8423207208697,,5%למשלמים בכרטיס אשראי ויקטורי,2020/02/04,06:00:00,2020/05/30,23:59:00,1,10.36,13.28
210,72906,,8423207209885,,5%למשלמים בכרטיס אשראי ויקטורי,2020/02/04,06:00:00,2020/05/30,23:59:00,1,10.36,8.63
211,72906,,8423207210287,,5%למשלמים בכרטיס אשראי ויקטורי,2020/02/04,06:00:00,2020/05/30,23:59:00,1,10.36,8.63
212,72906,,884912288745,,5%למשלמים בכרטיס אשראי ויקטורי,2020/02/04,06:00:00,2020/05/30,23:59:00,1,19,4.47
213,72906,,884912299314,,5%למשלמים בכרטיס אשראי ויקטורי,2020/02/04,06:00:00,2020/05/30,23:59:00,1,21.76,7
214,72906,,1714621,,5%למשלמים בכרטיס אשראי ויקטורי,2020/02/04,06:00:00,2020/05/30,23:59:00,1,47.41,9.48
215,72906,,1714669,,5%למשלמים בכרטיס אשראי ויקטורי,2020/02/04,06:00:00,2020/05/30,23:59:00,1,75.05,0
216,72906,,1714676,,5%למשלמים בכרטיס אשראי ויקטורי,2020/02/04,06:00:00,2020/05/30,23:59:00,1,61.66,0
217,72906,,1714683,,5%למשלמים בכרטיס אשראי ויקטורי,2020/02/04,06:00:00,2020/05/30,23:59:00,1,47.41,0
218,72906,,2519089,,5%למשלמים בכרטיס אשראי ויקטורי,2020/02/04,06:00:00,2020/05/30,23:59:00,1,66.41,66.41
219,72906,,2519607,,5%למשלמים בכרטיס אשראי ויקטורי,2020/02/04,06:00:00,2020/05/30,23:59:00,1,47.41,0
220,72906,,3187140,,5%למשלמים בכרטיס אשראי ויקטורי,2020/02/04,06:00:00,2020/05/30,23:59:00,1,66.41,0
221,72906,,350,,5%למשלמים בכרטיס אשראי ויקטורי,2020/02/04,06:00:00,2020/05/30,23:59:00,1,33.16,0
222,72906,,4934422,,5%למשלמים בכרטיס אשראי ויקטורי,2020/02/04,06:00:00,2020/05/30,23:59:00,1,66.41,66.41
223,72906,,2002,,5%למשלמים בכרטיס אשראי ויקטורי,2020/02/04,06:00:00,2020/05/30,23:59:00,1,5.61,0
224,72906,,2003,,5%למשלמים בכרטיס אשראי ויקטורי,2020/02/04,06:00:00,2020/05/30,23:59:00,1,15.11,0
225,72906,,2004,,5%למשלמים בכרטיס אשראי ויקטורי,2020/02/04,06:00:00,2020/05/30,23:59:00,1,5.61,0
226,72906,,2006,,5%למשלמים בכרטיס אשראי ויקטורי,2020/02/04,06:00:00,2020/05/30,23:59:00,1,6.56,0
227,72906,,2007,,5%למשלמים בכרטיס אשראי ויקטורי,2020/02/04,06:00:00,2020/05/30,23:59:00,1,8.46,0
228,72906,,2009,,5%למשלמים בכרטיס אשראי ויקטורי,2020/02/04,06:00:00,2020/05/30,23:59:00,1,8.46,0
229,72906,,2010,,5%למשלמים בכרטיס אשראי ויקטורי,2020/02/04,06:00:00,2020/05/30,23:59:00,1,3.71,0
230,72906,,2012,,5%למשלמים בכרטיס אשראי ויקטורי,2020/02/04,06:00:00,2020/05/30,23:59:00,1,37.91,0
231,72906,,2014,,5%למשלמים בכרטיס אשראי ויקטורי,2020/02/04,06:00:00,2020/05/30,23:59:00,1,4.66,0
232,72906,,2015,,5%למשלמים בכרטיס אשראי ויקטורי,2020/02/04,06:00:00,2020/05/30,23:59:00,1,12.26,0
233,72906,,2016,,5%למשלמים בכרטיס אשראי ויקטורי,2020/02/04,06:00:00,2020/05/30,23:59:00,1,9.41,0
234,72906,,2017,,5%למשלמים בכרטיס אשראי ויקטורי,2020/02/04,06:00:00,2020/05/30,23:59:00,1,9.41,0
235,72906,,2019,,5%למשלמים בכרטיס אשראי ויקטורי,2020/02/04,06:00:00,2020/05/30,23:59:00,1,5.61,0
236,72906,,2020,,5%למשלמים בכרטיס אשראי ויקטורי,2020/02/04,06:00:00,2020/05/30,23:59:00,1,4.66,0
237,72906,,2021,,5%למשלמים בכרטיס אשראי ויקטורי,2020/02/04,06:00:00,2020/05/30,23:59:00,1,6.56,0
238,72906,,2024,,5%למשלמים בכרטיס אשראי ויקטורי,2020/02/04,06:00:00,2020/05/30,23:59:00,1,3.71,0
239,72906,,2025,,5%למשלמים בכרטיס אשראי ויקטורי,2020/02/04,06:00:00,2020/05/30,23:59:00,1,9.41,0
240,72906,,2027,,5%למשלמים בכרטיס אשראי ויקטורי,2020/02/04,06:00:00,2020/05/30,23:59:00,1,9.41,0
241,72906,,2028,,5%למשלמים בכרטיס אשראי ויקטורי,2020/02/04,06:00:00,2020/05/30,23:59:00,1,5.61,0
242,72906,,2029,,5%למשלמים בכרטיס אשראי ויקטורי,2020/02/04,06:00:00,2020/05/30,23:59:00,1,4.66,0
243,72906,,2033,,5%למשלמים בכרטיס אשראי ויקטורי,2020/02/04,06:00:00,2020/05/30,23:59:00,1,9.41,0
244,72906,,2034,,5%למשלמים בכרטיס אשראי ויקטורי,2020/02/04,06:00:00,2020/05/30,23:59:00,1,9.41,0
245,72906,,2035,,5%למשלמים בכרטיס אשראי ויקטורי,2020/02/04,06:00:00,2020/05/30,23:59:00,1,5.61,0
246,72906,,2036,,5%למשלמים בכרטיס אשראי ויקטורי,2020/02/04,06:00:00,2020/05/30,23:59:00,1,4.66,0
247,72906,,2038,,5%למשלמים בכרטיס אשראי ויקטורי,2020/02/04,06:00:00,2020/05/30,23:59:00,1,9.41,0
248,72906,,2039,,5%למשלמים בכרטיס אשראי ויקטורי,2020/02/04,06:00:00,2020/05/30,23:59:00,1,7.51,0
249,72906,,2040,,5%למשלמים בכרטיס אשראי ויקטורי,2020/02/04,06:00:00,2020/05/30,23:59:00,1,9.41,0
250,72906,,2041,,5%למשלמים בכרטיס אשראי ויקטורי,2020/02/04,06:00:00,2020/05/30,23:59:00,1,12.26,0
251,72906,,2043,,5%למשלמים בכרטיס אשראי ויקטורי,2020/02/04,06:00:00,2020/05/30,23:59:00,1,5.61,0
252,72906,,2046,,5%למשלמים בכרטיס אשראי ויקטורי,2020/02/04,06:00:00,2020/05/30,23:59:00,1,6.56,0
253,72906,,2047,,5%למשלמים בכרטיס אשראי ויקטורי,2020/02/04,06:00:00,2020/05/30,23:59:00,1,6.56,0
254,72906,,2048,,5%למשלמים בכרטיס אשראי ויקטורי,2020/02/04,06:00:00,2020/05/30,23:59:00,1,6.56,0
255,72906,,2049,,5%למשלמים בכרטיס אשראי ויקטורי,2020/02/04,06:00:00,2020/05/30,23:59:00,1,12.26,0
256,72906,,2050,,5%למשלמים בכרטיס אשראי ויקטורי,2020/02/04,06:00:00,2020/05/30,23:59:00,1,7.51,0
257,72906,,2054,,5%למשלמים בכרטיס אשראי ויקטורי,2020/02/04,06:00:00,2020/05/30,23:59:00,1,6.56,0
258,72906,,2058,,5%למשלמים בכרטיס אשראי ויקטורי,2020/02/04,06:00:00,2020/05/30,23:59:00,1,3.71,0
259,72906,,2059,,5%למשלמים בכרטיס אשראי ויקטורי,2020/02/04,06:00:00,2020/05/30,23:59:00,1,5.61,0
260,72906,,2060,,5%למשלמים בכרטיס אשראי ויקטורי,2020/02/04,06:00:00,2020/05/30,23:59:00,1,9.41,0
261,72906,,2061,,5%למשלמים בכרטיס אשראי ויקטורי,2020/02/04,06:00:00,2020/05/30,23:59:00,1,9.41,0
262,72906,,2063,,5%למשלמים בכרטיס אשראי ויקטורי,2020/02/04,06:00:00,2020/05/30,23:59:00,1,12.26,0
263,72906,,2064,,5%למשלמים בכרטיס אשראי ויקטורי,2020/02/04,06:00:00,2020/05/30,23:59:00,1,4.66,0
264,72906,,2065,,5%למשלמים בכרטיס אשראי ויקטורי,2020/02/04,06:00:00,2020/05/30,23:59:00,1,11.31,0
265,72906,,2066,,5%למשלמים בכרטיס אשראי ויקטורי,2020/02/04,06:00:00,2020/05/30,23:59:00,1,9.41,0
266,72906,,2067,,5%למשלמים בכרטיס אשראי ויקטורי,2020/02/04,06:00:00,2020/05/30,23:59:00,1,9.41,0
267,72906,,2068,,5%למשלמים בכרטיס אשראי ויקטורי,2020/02/04,06:00:00,2020/05/30,23:59:00,1,9.41,0
268,72906,,2072,,5%למשלמים בכרטיס אשראי ויקטורי,2020/02/04,06:00:00,2020/05/30,23:59:00,1,5.61,0
269,72906,,2074,,5%למשלמים בכרטיס אשראי ויקטורי,2020/02/04,06:00:00,2020/05/30,23:59:00,1,9.41,0
270,72906,,2080,,5%למשלמים בכרטיס אשראי ויקטורי,2020/02/04,06:00:00,2020/05/30,23:59:00,1,18.91,0
271,72906,,2082,,5%למשלמים בכרטיס אשראי ויקטורי,2020/02/04,06:00:00,2020/05/30,23:59:00,1,14.16,0
272,72906,,2086,,5%למשלמים בכרטיס אשראי ויקטורי,2020/02/04,06:00:00,2020/05/30,23:59:00,1,18.91,0
273,72906,,2090,,5%למשלמים בכרטיס אשראי ויקטורי,2020/02/04,06:00:00,2020/05/30,23:59:00,1,14.16,0
274,72906,,2091,,5%למשלמים בכרטיס אשראי ויקטורי,2020/02/04,06:00:00,2020/05/30,23:59:00,1,14.16,0
275,72906,,2092,,5%למשלמים בכרטיס אשראי ויקטורי,2020/02/04,06:00:00,2020/05/30,23:59:00,1,9.41,0
276,72906,,2095,,5%למשלמים בכרטיס אשראי ויקטורי,2020/02/04,06:00:00,2020/05/30,23:59:00,1,28.41,0
277,72906,,2098,,5%למשלמים בכרטיס אשראי ויקטורי,2020/02/04,06:00:00,2020/05/30,23:59:00,1,37.91,0
278,72906,,2101,,5%למשלמים בכרטיס אשראי ויקטורי,2020/02/04,06:00:00,2020/05/30,23:59:00,1,3.71,0
279,72906,,2104,,5%למשלמים בכרטיס אשראי ויקטורי,2020/02/04,06:00:00,2020/05/30,23:59:00,1,4.66,0
280,72906,,2113,,5%למשלמים בכרטיס אשראי ויקטורי,2020/02/04,06:00:00,2020/05/30,23:59:00,1,9.41,0
281,72906,,2115,,5%למשלמים בכרטיס אשראי ויקטורי,2020/02/04,06:00:00,2020/05/30,23:59:00,1,28.41,0
282,72906,,2120,,5%למשלמים בכרטיס אשראי ויקטורי,2020/02/04,06:00:00,2020/05/30,23:59:00,1,4.66,0
283,72906,,2124,,5%למשלמים בכרטיס אשראי ויקטורי,2020/02/04,06:00:00,2020/05/30,23:59:00,1,18.91,0
284,72906,,2132,,5%למשלמים בכרטיס אשראי ויקטורי,2020/02/04,06:00:00,2020/05/30,23:59:00,1,9.41,0
285,72906,,2158,,5%למשלמים בכרטיס אשראי ויקטורי,2020/02/04,06:00:00,2020/05/30,23:59:00,1,4.66,0
286,72906,,2162,,5%למשלמים בכרטיס אשראי ויקטורי,2020/02/04,06:00:00,2020/05/30,23:59:00,1,5.61,0
287,72906,,2167,,5%למשלמים בכרטיס אשראי ויקטורי,2020/02/04,06:00:00,2020/05/30,23:59:00,1,3.71,0
288,72906,,2171,,5%למשלמים בכרטיס אשראי ויקטורי,2020/02/04,06:00:00,2020/05/30,23:59:00,1,14.16,0
289,72906,,2177,,5%למשלמים בכרטיס אשראי ויקטורי,2020/02/04,06:00:00,2020/05/30,23:59:00,1,28.41,0
290,72906,,4050328191948,,5%למשלמים בכרטיס אשראי ויקטורי,2020/02/04,06:00:00,2020/05/30,23:59:00,1,12.26,0
291,72906,,693493002516,,5%למשלמים בכרטיס אשראי ויקטורי,2020/02/04,06:00:00,2020/05/30,23:59:00,1,12.26,0
292,72906,,7290000000374,,5%למשלמים בכרטיס אשראי ויקטורי,2020/02/04,06:00:00,2020/05/30,23:59:00,1,9.41,0
293,72906,,7290005610509,,5%למשלמים בכרטיס אשראי ויקטורי,2020/02/04,06:00:00,2020/05/30,23:59:00,1,6.56,0
294,72906,,7290006704061,,5%למשלמים בכרטיס אשראי ויקטורי,2020/02/04,06:00:00,2020/05/30,23:59:00,1,4.66,0
295,72906,,7290008268004,,5%למשלמים בכרטיס אשראי ויקטורי,2020/02/04,06:00:00,2020/05/30,23:59:00,1,28.41,0
296,72906,,7290010051021,,5%למשלמים בכרטיס אשראי ויקטורי,2020/02/04,06:00:00,2020/05/30,23:59:00,1,4.66,0
297,72906,,7290010051045,,5%למשלמים בכרטיס אשראי ויקטורי,2020/02/04,06:00:00,2020/05/30,23:59:00,1,7.51,0
298,72906,,7290010051052,,5%למשלמים בכרטיס אשראי ויקטורי,2020/02/04,06:00:00,2020/05/30,23:59:00,1,3.71,0
299,72906,,7290010051076,,5%למשלמים בכרטיס אשראי ויקטורי,2020/02/04,06:00:00,2020/05/30,23:59:00,1,9.41,0
300,72906,,7290010051113,,5%למשלמים בכרטיס אשראי ויקטורי,2020/02/04,06:00:00,2020/05/30,23:59:00,1,4.66,0
301,72906,,7290010051144,,5%למשלמים בכרטיס אשראי ויקטורי,2020/02/04,06:00:00,2020/05/30,23:59:00,1,8.46,4.70
302,72906,,7290010051182,,5%למשלמים בכרטיס אשראי ויקטורי,2020/02/04,06:00:00,2020/05/30,23:59:00,1,3.71,0
303,72906,,7290010051199,,5%למשלמים בכרטיס אשראי ויקטורי,2020/02/04,06:00:00,2020/05/30,23:59:00,1,4.66,0
304,72906,,7290010051205,,5%למשלמים בכרטיס אשראי ויקטורי,2020/02/04,06:00:00,2020/05/30,23:59:00,1,4.66,0
305,72906,,7290010051212,,5%למשלמים בכרטיס אשראי ויקטורי,2020/02/04,06:00:00,2020/05/30,23:59:00,1,4.66,1.55
306,72906,,7290010051267,,5%למשלמים בכרטיס אשראי ויקטורי,2020/02/04,06:00:00,2020/05/30,23:59:00,1,9.41,0
307,72906,,7290010051298,,5%למשלמים בכרטיס אשראי ויקטורי,2020/02/04,06:00:00,2020/05/30,23:59:00,1,4.66,0
308,72906,,7290010051335,,5%למשלמים בכרטיס אשראי ויקטורי,2020/02/04,06:00:00,2020/05/30,23:59:00,1,5.70,0
309,72906,,7290010051373,,5%למשלמים בכרטיס אשראי ויקטורי,2020/02/04,06:00:00,2020/05/30,23:59:00,1,9.41,0
310,72906,,7290010051724,,5%למשלמים בכרטיס אשראי ויקטורי,2020/02/04,06:00:00,2020/05/30,23:59:00,1,8.46,0
311,72906,,7290010192120,,5%למשלמים בכרטיס אשראי ויקטורי,2020/02/04,06:00:00,2020/05/30,23:59:00,1,5.61,0
312,72906,,7290013492005,,5%למשלמים בכרטיס אשראי ויקטורי,2020/02/04,06:00:00,2020/05/30,23:59:00,1,7.51,0
313,72906,,7290015855013,,5%למשלמים בכרטיס אשראי ויקטורי,2020/02/04,06:00:00,2020/05/30,23:59:00,1,8.46,0
314,72906,,7290015855037,,5%למשלמים בכרטיס אשראי ויקטורי,2020/02/04,06:00:00,2020/05/30,23:59:00,1,7.51,0
315,72906,,7290015855181,,5%למשלמים בכרטיס אשראי ויקטורי,2020/02/04,06:00:00,2020/05/30,23:59:00,1,10.36,0
316,72906,,7290017918020,,5%למשלמים בכרטיס אשראי ויקטורי,2020/02/04,06:00:00,2020/05/30,23:59:00,1,12.26,0
317,72906,,7290017918037,,5%למשלמים בכרטיס אשראי ויקטורי,2020/02/04,06:00:00,2020/05/30,23:59:00,1,12.26,0
318,72906,,8718879000336,,5%למשלמים בכרטיס אשראי ויקטורי,2020/02/04,06:00:00,2020/05/30,23:59:00,1,12.26,0
319,72906,,986708,,5%למשלמים בכרטיס אשראי ויקטורי,2020/02/04,06:00:00,2020/05/30,23:59:00,1,12.26,0
320,72906,,7290000201832,,29.90טיטולים פרימיום,2020/04/27,06:00:00,2020/05/30,23:59:00,1,29.90,0
321,72906,,7290000201870,,29.90טיטולים פרימיום,2020/04/27,06:00:00,2020/05/30,23:59:00,1,29.90,0
322,72906,,8001090336446,,3ב85חיתולי פמפרס בייבי דריי 2-6,2020/05/03,06:00:00,2020/05/30,23:59:00,3,85,0
323,72906,,8001090336521,,3ב85חיתולי פמפרס בייבי דריי 2-6,2020/05/03,06:00:00,2020/05/30,23:59:00,3,85,0
324,72906,,8001090336606,,3ב85חיתולי פמפרס בייבי דריי 2-6,2020/05/03,06:00:00,2020/05/30,23:59:00,3,85,0
325,72906,,8001841104799,,2ב60חיתולי פמפרס פרימיום VP,2020/05/03,06:00:00,2020/05/30,23:59:00,2,60,0
326,72906,,8001090810205,,2ב28פנטן שמפו/מרכך,2020/05/03,06:00:00,2020/05/30,23:59:00,2,28,2.80
327,72906,,8001090810243,,2ב28פנטן שמפו/מרכך,2020/05/03,06:00:00,2020/05/30,23:59:00,2,28,2.80
328,72906,,8001090810281,,2ב28פנטן שמפו/מרכך,2020/05/03,06:00:00,2020/05/30,23:59:00,2,28,2.80
329,72906,,8001090988362,,2ב28פנטן שמפו/מרכך,2020/05/03,06:00:00,2020/05/30,23:59:00,2,28,2.80
330,72906,,8001090988843,,2ב28פנטן שמפו/מרכך,2020/05/03,06:00:00,2020/05/30,23:59:00,2,28,2.80
331,72906,,4084500854048,,14.90פיירי נוזל כלים 1.24-1.015 ליטר,2020/05/03,06:00:00,2020/05/30,23:59:00,1,14.90,12.02
332,72906,,4084500920880,,14.90פיירי נוזל כלים 1.24-1.015 ליטר,2020/05/03,06:00:00,2020/05/30,23:59:00,1,14.90,12.02
333,72906,,8001090458322,,14.90פיירי נוזל כלים 1.24-1.015 ליטר,2020/05/03,06:00:00,2020/05/30,23:59:00,1,14.90,14.68
334,72906,,8001090943095,,14.90פיירי נוזל כלים 1.24-1.015 ליטר,2020/05/03,06:00:00,2020/05/30,23:59:00,1,14.90,14.68
335,72906,,4084500371453,,44.90טייד אבקת כביסה 8 קג',2020/05/03,06:00:00,2020/05/30,23:59:00,1,44.90,0.56
336,72906,,8001090033512,,44.90טייד אבקת כביסה 8 קג',2020/05/03,06:00:00,2020/05/30,23:59:00,1,44.90,0.56
337,72906,,8001090721150,,37.90אריאל קפסולות לכביסה 40 יח',2020/05/03,06:00:00,2020/05/30,23:59:00,1,37.90,0
338,72906,,7290002692393,,"9.90שמן חמניות 1 ליטר מועשר ויטמין E ""עץ הזית""",2020/05/03,06:00:00,2020/05/30,23:59:00,1,9.90,9.90
339,72906,,7290000178721,,8.90תפוצ'יפס 200 גר',2020/05/03,06:00:00,2020/05/30,23:59:00,1,8.90,4.45
340,72906,,7290008747547,,8.90תפוצ'יפס 200 גר',2020/05/03,06:00:00,2020/05/30,23:59:00,1,8.90,4.45
341,72906,,7290102030330,,8.90תפוצ'יפס 200 גר',2020/05/03,06:00:00,2020/05/30,23:59:00,1,8.90,4.45
342,72906,,7290106657137,,8.90תפוצ'יפס 200 גר',2020/05/03,06:00:00,2020/05/30,23:59:00,1,8.90,4.45
343,72906,,7290112342195,,8.90תפוצ'יפס 200 גר',2020/05/03,06:00:00,2020/05/30,23:59:00,1,8.90,4.45
344,72906,,7290012938580,,"14.90סנסודיין משחת שיניים 75 מ""ל בסיס",2020/05/03,06:00:00,2020/05/30,23:59:00,1,14.90,19.87
345,72906,,7290105500151,,"59.90וודקה פינלנדיה 700 מ""ל",2020/05/03,06:00:00,2020/05/30,23:59:00,1,59.90,8.51
346,72906,,7290016717136,,"29.90ברוט סדרה אזורית 750 מ""ל",2020/05/03,06:00:00,2020/05/30,23:59:00,1,29.90,3.95
347,72906,,7290008801478,,"יינות 750 מ""ל יקבי כרמל-ישן נושן/הנצחון/טופז זהב",2020/05/03,06:00:00,2020/05/30,23:59:00,1,19.90,2.61
348,72906,,7290016717754,,"יינות 750 מ""ל יקבי כרמל-ישן נושן/הנצחון/טופז זהב",2020/05/03,06:00:00,2020/05/30,23:59:00,1,19.90,2.61
349,72906,,7290000195537,,17.90האגיס מגבונים רביעייה,2020/05/03,06:00:00,2020/05/30,23:59:00,1,17.90,0
350,72906,,7290000195544,,17.90האגיס מגבונים רביעייה,2020/05/03,06:00:00,2020/05/30,23:59:00,1,17.90,0
351,72906,,7290000195773,,17.90האגיס מגבונים רביעייה,2020/05/03,06:00:00,2020/05/30,23:59:00,1,17.90,0
352,72906,,5410228267515,,"29.90בירה באדוויזר 330 מ""ל שישייה",2020/05/03,06:00:00,2020/05/30,23:59:00,1,29.90,1.42
353,72906,,8076809513654,,2ב20ברילה רטבים 400 גר',2020/05/03,06:00:00,2020/05/30,23:59:00,2,20,2.50
354,72906,,8076809513692,,2ב20ברילה רטבים 400 גר',2020/05/03,06:00:00,2020/05/30,23:59:00,2,20,2.50
355,72906,,8076809523561,,2ב20ברילה רטבים 400 גר',2020/05/03,06:00:00,2020/05/30,23:59:00,2,20,2.50
356,72906,,7290006742292,,25.90נקניק/פסטרמה ארוז 300-330 גר' זוגלובק,2020/05/03,06:00:00,2020/05/30,23:59:00,1,25.90,7.85
357,72906,,7290006742315,,25.90נקניק/פסטרמה ארוז 300-330 גר' זוגלובק,2020/05/03,06:00:00,2020/05/30,23:59:00,1,25.90,7.85
358,72906,,7290006742339,,25.90נקניק/פסטרמה ארוז 300-330 גר' זוגלובק,2020/05/03,06:00:00,2020/05/30,23:59:00,1,25.90,7.85
359,72906,,7290003643295,,4.90אורז אורזיל 1 קג' סוגת,2020/05/03,06:00:00,2020/05/30,23:59:02,1,4.90,0.49
360,72906,,7290003643684,,2ב12קטניות 500 גר' סוגת-חומוס/שעועית/כוסמת/אפונה,2020/05/03,06:00:00,2020/05/30,23:59:02,2,12,1.20
361,72906,,7290003643752,,2ב12קטניות 500 גר' סוגת-חומוס/שעועית/כוסמת/אפונה,2020/05/03,06:00:00,2020/05/30,23:59:02,2,12,1.20
362,72906,,7290003643769,,2ב12קטניות 500 גר' סוגת-חומוס/שעועית/כוסמת/אפונה,2020/05/03,06:00:00,2020/05/30,23:59:02,2,12,1.20
363,72906,,7290003643325,,3ב12קוסקוס 350 גר' סוגת,2020/05/03,06:00:00,2020/05/30,23:59:00,3,12,1.14
364,72906,,7290100702260,,3ב12קוסקוס 350 גר' סוגת,2020/05/03,06:00:00,2020/05/30,23:59:00,3,12,1.14
365,72906,,7290000288352,,19.90סנו K300,2020/05/03,06:00:00,2020/05/30,23:59:00,1,19.90,3.16
366,72906,,7290011598211,,16.90סנו אנטיקאלק מרסס 4 ב1,2020/05/03,06:00:00,2020/05/30,23:59:00,1,16.90,2.41
367,72906,,7290000289069,,16.90סנו ז'אוול מרסס 1 ליטר,2020/05/03,06:00:00,2020/05/30,23:59:00,1,16.90,16.90
368,72906,,7290000412481,,6.90סנו 1 ליטר 00,2020/05/03,06:00:00,2020/05/30,23:59:00,1,6.90,6.90
369,72906,,7290005430602,,16.90סנו אוקסיג'ן מרסס,2020/05/03,06:00:00,2020/05/30,23:59:00,1,16.90,2.25
370,72906,,7290013268891,,26.90סנו אוקסיג'ן ג'ל 3 ליטר,2020/05/03,06:00:00,2020/05/30,23:59:00,1,26.90,8.97
371,72906,,7290013269263,,26.90סנו מקסימה ג'ל 3 ליטר,2020/05/03,06:00:00,2020/05/30,23:59:00,1,26.90,8.97
372,72906,,7290013269287,,26.90סנו מקסימה ג'ל 3 ליטר,2020/05/03,06:00:00,2020/05/30,23:59:00,1,26.90,0.01
373,72906,,7290107280570,,26.90סנו מקסימה ג'ל 3 ליטר,2020/05/03,06:00:00,2020/05/30,23:59:00,1,26.90,8.97
374,72906,,7290012117534,,16.90סנו מקסימה מרכך קומפקט 1 ליטר,2020/05/03,06:00:00,2020/05/30,23:59:00,1,16.90,1.69
375,72906,,7290012823381,,16.90סנו מקסימה מרכך קומפקט 1 ליטר,2020/05/03,06:00:00,2020/05/30,23:59:00,1,16.90,1.69
376,72906,,7290013268020,,16.90סנו מקסימה מרכך קומפקט 1 ליטר,2020/05/03,06:00:00,2020/05/30,23:59:00,1,16.90,1.69
377,72906,,7290108350616,,16.90סנו מקסימה מרכך קומפקט 1 ליטר,2020/05/03,06:00:00,2020/05/30,23:59:00,1,16.90,1.69
378,72906,,7290108350623,,16.90סנו מקסימה מרכך קומפקט 1 ליטר,2020/05/03,06:00:00,2020/05/30,23:59:00,1,16.90,1.69
379,72906,,7290005839313,,4ב16מילקי טופ שטראוס,2020/05/03,06:00:00,2020/05/31,23:59:00,4,16,3.08
380,72906,,7290104066016,,4ב16מילקי טופ שטראוס,2020/05/03,06:00:00,2020/05/31,23:59:00,4,16,2.35
381,72906,,7290006664532,,4ב12דנונה 3% בטעמים 150 גר',2020/05/03,06:00:00,2020/05/31,23:59:00,4,12,2
382,72906,,7290006664693,,4ב12דנונה 3% בטעמים 150 גר',2020/05/03,06:00:00,2020/05/31,23:59:00,4,12,2
383,72906,,7290110564919,,4ב12דנונה 3% בטעמים 150 גר',2020/05/03,06:00:00,2020/05/31,23:59:00,4,12,2
384,72906,,7290000521008,,"3ב50יינות סגל 750 מ""ל ברקן",2020/05/03,06:00:00,2020/05/30,23:59:00,3,50,2.18
385,72906,,7290000521015,,"3ב50יינות סגל 750 מ""ל ברקן",2020/05/03,06:00:00,2020/05/30,23:59:00,3,50,2.18
386,72906,,7290010116348,,19.90מיקס ירוק 390 גר' עלית,2020/05/03,06:00:00,2020/05/30,23:59:00,1,19.90,5.10
387,72906,,7290100850459,,19.90מיקס ירוק 390 גר' עלית,2020/05/03,06:00:00,2020/05/30,23:59:00,1,19.90,5.10
388,72906,,7290112335050,,2ב10מרשמלו בזוקה/וניל 150 גר' עלית,2020/05/03,06:00:00,2020/05/30,23:59:00,2,10,3.33
389,72906,,7290005201882,,14.90קפה טורקי 200 גר' שקית עלית,2020/05/03,06:00:00,2020/05/30,23:59:00,1,14.90,7.45
390,72906,,7290112349545,,14.90קפה טורקי 200 גר' שקית עלית,2020/05/03,06:00:00,2020/05/30,23:59:00,1,14.90,6.21
391,72906,,7290000303598,,2ב10שימורי קטניות פרי גליל-תירס/אפונה/אפונה וגזר/חומוס,2020/05/03,06:00:00,2020/05/30,23:59:00,2,10,0.91
392,72906,,7290000307015,,2ב10שימורי קטניות פרי גליל-תירס/אפונה/אפונה וגזר/חומוס,2020/05/03,06:00:00,2020/05/30,23:59:00,2,10,0.83
393,72906,,7290000060217,,3ב15.90פסטה/ספגטי 400-500 גר' אסם,2020/05/03,06:00:00,2020/05/30,23:59:00,3,15.90,1.06
394,72906,,7290000060781,,3ב15.90פסטה/ספגטי 400-500 גר' אסם,2020/05/03,06:00:00,2020/05/30,23:59:00,3,15.90,1.06
395,72906,,7290000060842,,3ב15.90פסטה/ספגטי 400-500 גר' אסם,2020/05/03,06:00:00,2020/05/30,23:59:00,3,15.90,1.06
396,72906,,7290000060859,,3ב15.90פסטה/ספגטי 400-500 גר' אסם,2020/05/03,06:00:00,2020/05/30,23:59:00,3,15.90,1.06
397,72906,,7290000060880,,3ב15.90פסטה/ספגטי 400-500 גר' אסם,2020/05/03,06:00:00,2020/05/30,23:59:00,3,15.90,1.06
398,72906,,7290100684139,,3ב15.90פסטה/ספגטי 400-500 גר' אסם,2020/05/03,06:00:00,2020/05/30,23:59:00,3,15.90,1.06
399,72906,,7290105694614,,3ב15.90פסטה/ספגטי 400-500 גר' אסם,2020/05/03,06:00:00,2020/05/30,23:59:00,3,15.90,1.06
400,72906,,7290107871990,,3ב15.90פסטה/ספגטי 400-500 גר' אסם,2020/05/03,06:00:00,2020/05/30,23:59:00,3,15.90,1.06
401,72906,,7290112964410,,"2ב20רטבים 290 מ""ל אסם-שום/אלף האיים/קיסר/ויניגרט/חרדל ודבש",2020/05/03,06:00:00,2020/05/30,23:59:00,2,20,3.45
402,72906,,7290112964472,,"2ב20רטבים 290 מ""ל אסם-שום/אלף האיים/קיסר/ויניגרט/חרדל ודבש",2020/05/03,06:00:00,2020/05/30,23:59:00,2,20,3.45
403,72906,,7290112964625,,"2ב20רטבים 290 מ""ל אסם-שום/אלף האיים/קיסר/ויניגרט/חרדל ודבש",2020/05/03,06:00:00,2020/05/30,23:59:00,2,20,3.45
404,72906,,7290000074245,,3ב18לחמיות/קרקרים אסם עד 300 גר',2020/05/03,06:00:00,2020/05/30,23:59:00,3,18,2.40
405,72906,,7290000074252,,3ב18לחמיות/קרקרים אסם עד 300 גר',2020/05/03,06:00:00,2020/05/30,23:59:00,3,18,2.40
406,72906,,7290000074276,,3ב18לחמיות/קרקרים אסם עד 300 גר',2020/05/03,06:00:00,2020/05/30,23:59:00,3,18,2.40
407,72906,,7290000074375,,3ב18לחמיות/קרקרים אסם עד 300 גר',2020/05/03,06:00:00,2020/05/30,23:59:00,3,18,4
408,72906,,7290000074481,,3ב18לחמיות/קרקרים אסם עד 300 גר',2020/05/03,06:00:00,2020/05/30,23:59:00,3,18,3.75
409,72906,,7290000079233,,3ב18לחמיות/קרקרים אסם עד 300 גר',2020/05/03,06:00:00,2020/05/30,23:59:00,3,18,2.40
410,72906,,7290112965868,,3ב18לחמיות/קרקרים אסם עד 300 גר',2020/05/03,06:00:00,2020/05/30,23:59:00,3,18,2.40
411,72906,,3387390320244,,2ב32פיטנס דגני בוקר,2020/05/03,06:00:00,2020/05/30,23:59:00,2,32,4.27
412,72906,,3387390730852,,2ב32פיטנס דגני בוקר,2020/05/03,06:00:00,2020/05/30,23:59:00,2,32,4.27
413,72906,,7613032045753,,2ב32פיטנס דגני בוקר,2020/05/03,06:00:00,2020/05/30,23:59:00,2,32,4.27
414,72906,,7613036387798,,2ב32פיטנס דגני בוקר,2020/05/03,06:00:00,2020/05/30,23:59:00,2,32,4.57
415,72906,,7613037686906,,2ב32פיטנס דגני בוקר,2020/05/03,06:00:00,2020/05/30,23:59:00,2,32,4.51
416,72906,,7290000158105,,2ב50עוף טוב שניצל ילדים-דובונים/דינוזאור/היער הקסום,2020/05/03,06:00:00,2020/05/30,23:59:00,2,50,3.57
417,72906,,8690784514880,,14.90גלייד ספריי מילוי אוטומטי,2020/05/03,06:00:00,2020/05/30,23:59:00,1,14.90,5.54
418,72906,,7290008945202,,12.90גלילונית 50 יח' משרדית,2020/05/03,06:00:00,2020/05/30,23:59:00,1,12.90,0
419,72906,,7290008945172,,12.90גלילונית פח מטבח 40 יח',2020/05/03,06:00:00,2020/05/30,23:59:00,1,12.90,0.32
420,72906,,7290001865439,,10.90פמילי אל סבון 1 ליטר,2020/05/03,06:00:00,2020/05/30,23:59:00,1,10.90,10.90
421,72906,,7290001865453,,10.90פמילי אל סבון 1 ליטר,2020/05/03,06:00:00,2020/05/30,23:59:00,1,10.90,10.90
422,72906,,7290012193163,,10.90פמילי אל סבון 1 ליטר,2020/05/03,06:00:00,2020/05/30,23:59:00,1,10.90,1.09
423,72906,,7290000420325,,11.90פופקורן פופסטאר חמישייה,2020/05/03,06:00:00,2020/05/30,23:59:00,1,11.90,2.38
424,72906,,7290000420332,,11.90פופקורן פופסטאר חמישייה,2020/05/03,06:00:00,2020/05/30,23:59:00,1,11.90,2.38
425,72906,,7290011017866,,"4ב12פחיות 330 מ""ל-קוקה קולה/ספרייט/זירו/פאנטה",2020/05/03,06:00:00,2020/05/30,23:59:00,4,12,0.82
426,72906,,7290011017873,,"4ב12פחיות 330 מ""ל-קוקה קולה/ספרייט/זירו/פאנטה",2020/05/03,06:00:00,2020/05/30,23:59:00,4,12,0.82
427,72906,,7290011018443,,"4ב12פחיות 330 מ""ל-קוקה קולה/ספרייט/זירו/פאנטה",2020/05/03,06:00:00,2020/05/30,23:59:00,4,12,0.82
428,72906,,7290013585233,,"4ב12פחיות 330 מ""ל-קוקה קולה/ספרייט/זירו/פאנטה",2020/05/03,06:00:00,2020/05/30,23:59:00,4,12,0.82
429,72906,,7290110110659,,"4ב12פחיות 330 מ""ל-קוקה קולה/ספרייט/זירו/פאנטה",2020/05/03,06:00:00,2020/05/30,23:59:00,4,12,0.82
430,72906,,7290002331322,,10.90נביעות 1.5 ליטר שישייה,2020/05/03,06:00:00,2020/05/30,23:59:00,1,10.90,1.21
431,72906,,7290013585554,,14.90קינלי סודה 1.5 ליטר שישייה,2020/05/03,06:00:00,2020/05/30,23:59:00,1,14.90,0.17
432,72906,,7290011018313,,26.90פיוז תה בטעם אפרסק 1.5 ליטר רביעייה,2020/05/03,06:00:00,2020/05/30,23:59:00,1,26.90,0
433,72906,,8000380003723,,3ב36גרנד פטיסרי/קוארדטיני/גרדנה/טורטינה,2020/05/03,06:00:00,2020/05/30,23:59:00,3,36,36
434,72906,,8000380003761,,3ב36גרנד פטיסרי/קוארדטיני/גרדנה/טורטינה,2020/05/03,06:00:00,2020/05/30,23:59:00,3,36,36
435,72906,,8000380004911,,3ב36גרנד פטיסרי/קוארדטיני/גרדנה/טורטינה,2020/05/03,06:00:00,2020/05/30,23:59:00,3,36,4.80
436,72906,,8000380004966,,3ב36גרנד פטיסרי/קוארדטיני/גרדנה/טורטינה,2020/05/03,06:00:00,2020/05/30,23:59:00,3,36,4.80
437,72906,,8000380007257,,3ב36גרנד פטיסרי/קוארדטיני/גרדנה/טורטינה,2020/05/03,06:00:00,2020/05/30,23:59:00,3,36,6
438,72906,,8000380144044,,3ב36גרנד פטיסרי/קוארדטיני/גרדנה/טורטינה,2020/05/03,06:00:00,2020/05/30,23:59:00,3,36,6
439,72906,,8000380153534,,3ב36גרנד פטיסרי/קוארדטיני/גרדנה/טורטינה,2020/05/03,06:00:00,2020/05/30,23:59:00,3,36,9.60
440,72906,,8000380180745,,3ב36גרנד פטיסרי/קוארדטיני/גרדנה/טורטינה,2020/05/03,06:00:00,2020/05/30,23:59:00,3,36,4.80
441,72906,,7290017088051,,3ב85חיתולים בייביסיטר 3-6,2020/05/03,06:00:00,2020/05/30,23:59:00,3,85,0
442,72906,,7290017088082,,3ב85חיתולים בייביסיטר 3-6,2020/05/03,06:00:00,2020/05/30,23:59:00,3,85,0
443,72906,,7290017088099,,3ב85חיתולים בייביסיטר 3-6,2020/05/03,06:00:00,2020/05/30,23:59:00,3,85,0
444,72906,,7290000208336,,4ב11.90רסק עגבניות 260 גר' יכין/פרי מבורך,2020/05/03,06:00:00,2020/05/30,23:59:00,4,11.90,1.14
445,72906,,7290000207162,,8ב11.90רסק עגבניות 100 גר' יכין/פרי מבורך,2020/05/03,06:00:00,2020/05/30,23:59:00,8,11.90,11.90
446,72906,,7290101866633,,24.90קליה ג'ל 3 ליטר,2020/05/03,06:00:00,2020/05/30,23:59:00,1,24.90,8.30
447,72906,,7290101866787,,24.90קליה ג'ל 3 ליטר,2020/05/03,06:00:00,2020/05/30,23:59:00,1,24.90,0.83
448,72906,,7290001245972,,11.90מרכך כביסה 4 ליטר טאצ',2020/05/03,06:00:00,2020/05/30,23:59:00,1,11.90,0.30
449,72906,,8715700423906,,9.90היינץ מתבל עגבניות 555 גר',2020/05/03,06:00:00,2020/05/30,23:59:00,1,9.90,1.78
450,72906,,8714599513866,,26.90ג'יקובס קרוננג 200 גר',2020/05/03,06:00:00,2020/05/30,23:59:00,1,26.90,13.45
451,72906,,8714599513781,,26.90ג'יקובס גולד 200 גר',2020/05/03,06:00:00,2020/05/30,23:59:00,1,26.90,13.45
452,72906,,8712400802499,,59.90נוטרילון 800 גר',2020/05/03,06:00:00,2020/05/30,23:59:00,1,59.90,7.49
453,72906,,8712400802512,,59.90נוטרילון 800 גר',2020/05/03,06:00:00,2020/05/30,23:59:00,1,59.90,7.49
454,72906,,8712400802536,,59.90נוטרילון 800 גר',2020/05/03,06:00:00,2020/05/30,23:59:00,1,59.90,7.49
455,72906,,5410126116953,,19.90ממרח עוגיות לוטוס 380/400 גר',2020/05/03,06:00:00,2020/05/30,23:59:00,1,19.90,4.98
456,72906,,5410126726947,,19.90ממרח עוגיות לוטוס 380/400 גר',2020/05/03,06:00:00,2020/05/30,23:59:00,1,19.90,5.24
457,72906,,38000232152,,2ב18פרינגלס 149-158 גר',2020/05/03,06:00:00,2020/05/30,23:59:00,2,18,5.70
458,72906,,38000232176,,2ב18פרינגלס 149-158 גר',2020/05/03,06:00:00,2020/05/30,23:59:00,2,18,5.70
459,72906,,38000232183,,2ב18פרינגלס 149-158 גר',2020/05/03,06:00:00,2020/05/30,23:59:00,2,18,6.04
460,72906,,5410126006087,,19.90עוגיות לוטוס 700 גר',2020/05/03,06:00:00,2020/05/30,23:59:00,1,19.90,2.84
461,72906,,8690777204071,,2ב22ירקות קלויים SERA,2020/05/03,06:00:00,2020/05/30,23:59:00,2,22,1.72
462,72906,,8690777206051,,2ב22ירקות קלויים SERA,2020/05/03,06:00:00,2020/05/30,23:59:00,2,22,1.69
463,72906,,8690777221405,,2ב22ירקות קלויים SERA,2020/05/03,06:00:00,2020/05/30,23:59:00,2,22,1.69
464,72906,,7290002929642,,17.90טונה פוסידון/ויליגר רביעייה,2020/05/03,06:00:00,2020/05/30,23:59:00,1,17.90,3.89
465,72906,,7290003550753,,17.90טונה פוסידון/ויליגר רביעייה,2020/05/03,06:00:00,2020/05/30,23:59:00,1,17.90,4.14
466,72906,,7622201139278,,12.90גבינת פילדלפיה 150 גר' 27%,2020/05/03,06:00:00,2020/05/30,23:59:00,1,12.90,8.60
467,72906,,7290002541981,,3ב30אלפרו משקאות סויה 1 ליטר,2020/05/03,06:00:00,2020/05/30,23:59:00,3,30,1000
468,72906,,7290000107189,,18.90סנפרוסט ארטישוק תחתיות 400 גר',2020/05/03,06:00:00,2020/05/30,23:59:00,1,18.90,4.73
469,72906,,7290003229147,,25.90פסטרמות ארוז 300-400 גר' טירת צבי,2020/05/03,06:00:00,2020/05/30,23:59:00,1,25.90,8.63
470,72906,,7290003229154,,25.90פסטרמות ארוז 300-400 גר' טירת צבי,2020/05/03,06:00:00,2020/05/30,23:59:00,1,25.90,8.63
471,72906,,7290003229208,,25.90פסטרמות ארוז 300-400 גר' טירת צבי,2020/05/03,06:00:00,2020/05/30,23:59:00,1,25.90,7.19
472,72906,,7290013906205,,25.90פסטרמות ארוז 300-400 גר' טירת צבי,2020/05/03,06:00:00,2020/05/30,23:59:00,1,25.90,6.48
473,72906,,7290000074184,,9.90פתי בר קלאסי 500 גר' אסם,2020/05/03,06:00:00,2020/05/30,23:59:00,1,9.90,1.98
474,72906,,7290002319016,,6ב10אבקת אפיה/סוכר וניל עשיריות מיה,2020/05/03,06:00:00,2020/05/30,23:59:00,6,10,10
475,72906,,7290002319023,,6ב10אבקת אפיה/סוכר וניל עשיריות מיה,2020/05/03,06:00:00,2020/05/30,23:59:00,6,10,10
476,72906,,7290002319825,,8ב10אבקת סוכר 100 גר' מיה,2020/05/03,06:00:00,2020/05/30,23:59:00,8,10,10
477,72906,,7290002319061,,4ב10קוקוס/שמומשום 100 גר' מיה,2020/05/03,06:00:00,2020/05/30,23:59:00,4,10,10
478,72906,,7290002319078,,4ב10קוקוס/שמומשום 100 גר' מיה,2020/05/03,06:00:00,2020/05/30,23:59:00,4,10,10
479,72906,,7290011254728,,"2ב20ג'לטין 25 גר' בד""צ מיה",2020/05/03,06:00:00,2020/05/30,23:59:00,2,20,40
480,72906,,7290002319771,,3ב10תמצית אפיה בטעם וניל/רום מיה,2020/05/03,06:00:00,2020/05/30,23:59:00,3,10,6.67
481,72906,,7290002319788,,3ב10תמצית אפיה בטעם וניל/רום מיה,2020/05/03,06:00:00,2020/05/30,23:59:00,3,10,5.56
482,72906,,7290102840175,,4ב10פודינג/ג'לי מיה 85-90 גר',2020/05/03,06:00:00,2020/05/30,23:59:00,4,10,2.94
483,72906,,7290102840182,,4ב10פודינג/ג'לי מיה 85-90 גר',2020/05/03,06:00:00,2020/05/30,23:59:00,4,10,2.94
484,72906,,7290102840205,,4ב10פודינג/ג'לי מיה 85-90 גר',2020/05/03,06:00:00,2020/05/30,23:59:00,4,10,2.78
485,72906,,7290001041123,,2ב15שקדים מולבנים 100 גר' מיה,2020/05/03,06:00:00,2020/05/30,23:59:00,2,15,15
486,72906,,7290002319610,,2ב15שקדים מולבנים 100 גר' מיה,2020/05/03,06:00:00,2020/05/30,23:59:00,2,15,15
487,72906,,7290001041260,,9.90קוקוס/שומשום 400 גר' מיה,2020/05/03,06:00:00,2020/05/30,23:59:00,1,9.90,2.48
488,72906,,7290003681334,,9.90קוקוס/שומשום 400 גר' מיה,2020/05/03,06:00:00,2020/05/30,23:59:00,1,9.90,2.48
489,72906,,7290015781008,,"2ב55יינות 750 מ""ל VISION טפרברג",2020/05/03,06:00:00,2020/05/30,23:59:00,2,55,3.63
490,72906,,7290015781091,,"2ב55יינות 750 מ""ל VISION טפרברג",2020/05/03,06:00:00,2020/05/30,23:59:00,2,55,3.63
491,72906,,7290015781299,,"2ב55יינות 750 מ""ל VISION טפרברג",2020/05/03,06:00:00,2020/05/30,23:59:00,2,55,3.63
492,72906,,7290015781268,,"2ב50יינות מוסקטו לבן/אדום 750 מ""ל טפרברג",2020/05/03,06:00:00,2020/05/30,23:59:00,2,50,3.29
493,72906,,7290015781114,,"2ב70יינות 750 מ""ל IMPRESSION טפרברג",2020/05/03,06:00:00,2020/05/30,23:59:00,2,70,4.63
494,72906,,7290015781121,,"2ב70יינות 750 מ""ל IMPRESSION טפרברג",2020/05/03,06:00:00,2020/05/30,23:59:00,2,70,4.63
495,72906,,7290015781169,,"2ב70יינות 750 מ""ל IMPRESSION טפרברג",2020/05/03,06:00:00,2020/05/30,23:59:00,2,70,4.63
496,72906,,7290017289090,,"19.90יינות 750 מ""ל ממלכת יהודה טפרברג",2020/05/03,06:00:00,2020/05/30,23:59:00,1,19.90,2.61
497,72906,,7290017289137,,"19.90יינות 750 מ""ל ממלכת יהודה טפרברג",2020/05/03,06:00:00,2020/05/30,23:59:00,1,19.90,2.61
498,72906,,7290008836272,,"יינות נינוה מוסקט המבורג/אלכסנדרוני 750 מ""ל טפרברג",2020/05/03,06:00:00,2020/05/30,23:59:00,2,40,2.63
499,72906,,7290002077725,,2ב30סלמון מעושן דלידג 100 גר',2020/05/03,06:00:00,2020/05/30,23:59:00,2,30,30
500,72906,,8711200443802,,"11.90חרדל דיז'ון/גרגירים לחיץ 235 מ""ל סיימן",2020/05/03,06:00:00,2020/05/30,23:59:00,1,11.90,5.06
501,72906,,5014271300429,,15.90מעדני סנט דלפור 284 גר',2020/05/03,06:00:00,2020/05/30,23:59:00,1,15.90,5.60
502,72906,,5014271330426,,15.90מעדני סנט דלפור 284 גר',2020/05/03,06:00:00,2020/05/30,23:59:00,1,15.90,5.60
503,72906,,5014271390420,,15.90מעדני סנט דלפור 284 גר',2020/05/03,06:00:00,2020/05/30,23:59:00,1,15.90,5.60
504,72906,,5014271400426,,15.90מעדני סנט דלפור 284 גר',2020/05/03,06:00:00,2020/05/30,23:59:00,1,15.90,5.60
505,72906,,5014271795980,,15.90מעדני סנט דלפור 284 גר',2020/05/03,06:00:00,2020/05/30,23:59:00,1,15.90,5.60
506,72906,,5014271796147,,15.90מעדני סנט דלפור 284 גר',2020/05/03,06:00:00,2020/05/30,23:59:00,1,15.90,5.60
507,72906,,2086,,2ב35 תמר מגהול 1קג,2020/03/11,06:00:00,2020/05/30,23:59:00,2,35,0
508,72906,,6131706,,4ב100פילה אמנון (מושט) קפוא,2020/04/14,06:00:00,2020/05/16,23:59:00,4,100,2.50
509,72906,,2996170,,19.90 סינטה קפוא רבנות,2020/04/13,06:00:00,2020/05/05,23:55:00,1,19.90,0
510,72906,,2206040,,8.90כנפיים עוף טרי ארוז מעל 100 מוגבלל 3 קג,2020/04/27,06:00:00,2020/05/04,23:59:00,1,8.90,0
511,72906,,2206064,,2ב70שניצל עוף טרי ארוז מעל 100 מוגבל למימוש,2020/04/27,06:00:00,2020/05/04,23:59:00,2,70,0
512,72906,,8577267,,16.90עוף שלם טרי ארוז מעל 100,2020/04/30,06:00:00,2020/05/04,23:55:00,1,16.90,0
513,72906,,2206057,,2ב55חזה עוף טרי ארוז שלם מעל 100,2020/04/30,06:00:00,2020/05/04,23:59:00,2,55,0
514,72906,,2206019,,19.90כרעיים/ירכיים עוף טרי ארוז מעל 100,2020/04/30,06:00:00,2020/05/04,23:59:00,1,19.90,0
515,72906,,7290013220301,,19.90פירות קפואים 400-500 גר',2020/05/03,06:00:00,2020/05/30,23:59:00,1,19.90,3.98
516,72906,,7290013220318,,19.90פירות קפואים 400-500 גר',2020/05/03,06:00:00,2020/05/30,23:59:00,1,19.90,4.98
517,72906,,7290000144160,,"29.90שמן זית כתית מעולה 750 מ""ל ""עץ הזית""",2020/05/03,06:00:00,2020/05/30,23:55:00,1,29.90,3.99
518,72906,,7290002692478,,"29.90שמן זית כתית מעולה 750 מ""ל ""עץ הזית""",2020/05/03,06:00:00,2020/05/30,23:55:00,1,29.90,3.99
519,72906,,7290017142128,,"29.90שמן זית כתית מעולה 750 מ""ל ""עץ הזית""",2020/05/03,06:00:00,2020/05/30,23:55:00,1,29.90,3.99
520,72906,,7290002150732,,2ב22מגוון חמים וטעים 400-500 גר,2020/05/03,06:00:00,2020/05/30,23:59:00,2,22,2.75
521,72906,,7290002150794,,2ב22מגוון חמים וטעים 400-500 גר,2020/05/03,06:00:00,2020/05/30,23:59:00,2,22,2.75
522,72906,,7290012665059,,2ב22מגוון חמים וטעים 400-500 גר,2020/05/03,06:00:00,2020/05/30,23:59:00,2,22,2.75
523,72906,,7290012665073,,2ב22מגוון חמים וטעים 400-500 גר,2020/05/03,06:00:00,2020/05/30,23:59:00,2,22,2.75
524,72906,,7290012665363,,2ב22מגוון חמים וטעים 400-500 גר,2020/05/03,06:00:00,2020/05/30,23:59:00,2,22,2.75
525,72906,,7290004122348,,13.90 עמק חצי קשה 9% תנובה 200 גר,2020/05/03,06:00:00,2020/05/29,23:59:00,1,13.90,6.95
526,72906,,7290000554839,,19.90 גבינת שמנת מסקרפונה 250 גר מחלבות גד,2020/05/03,06:00:00,2020/05/29,23:00:00,1,19.90,7.96
527,72906,,7290003229123,,5ב75 פסטרמה גחלים 400 גר טירת צבי,2020/05/03,06:00:00,2020/05/30,23:59:00,5,75,3.75
528,72906,,7290000075143,,9.90 עוגיות שוקולד ציפס אסם,2020/05/03,06:00:00,2020/05/30,23:59:00,1,9.90,4.95
529,72906,,7290012823589,,14.90 סנו ריצפז פרש 2 ליטר,2020/05/03,06:00:00,2020/05/30,23:59:00,1,14.90,0.01
530,72906,,7290013268884,,14.90 סנו ריצפז פרש 2 ליטר,2020/05/03,06:00:00,2020/05/30,23:59:00,1,14.90,7.45
531,72906,,7290010429554,,26.90 שמן  זית מעולה עדין 750 יד מרדכי,2020/05/03,06:30:00,2020/05/30,23:59:00,1,26.90,3.59
532,72906,,7290104729003,,26.90 שמן  זית מעולה עדין 750 יד מרדכי,2020/05/03,06:30:00,2020/05/30,23:59:00,1,26.90,3.59
533,72906,,7290105360755,,26.90 שמן  זית מעולה עדין 750 יד מרדכי,2020/05/03,06:30:00,2020/05/30,23:59:00,1,26.90,3.59
534,72906,,654935,,49.90 שיפודי פרגית קפוא,2020/05/03,06:00:00,2020/05/29,23:00:00,1,49.90,4.99
535,72906,,7290016408294,,2ב8 מרשמלו ורוד לבן כרמית 150 גר,2020/05/03,06:00:00,2020/05/30,23:59:00,2,8,2.67
536,72906,,2132,,2ב15 ברוקולי ארוז,2020/05/03,06:00:00,2020/05/04,23:00:00,2,15,0
537,72906,,2038,,2ב15 פטריות ארוז,2020/05/03,06:00:00,2020/05/04,23:59:00,2,15,0
538,72906,,7290000000374,,2ב15 פטריות ארוז,2020/05/03,06:00:00,2020/05/04,23:59:00,2,15,0
